0.466060	-0.121970
0.312760	-1.086820
0.249420	0.684300
0.194720	-1.075190
0.052540	0.033300
-0.081398	0.744800
-0.148084	0.033600
-0.071428	-0.526640
-0.256768	0.462500
-0.187148	0.200700
-0.176766	2.124700
-0.096286	0.371700
-0.062776	1.021000
0.020780	0.783400
0.024680	-0.127840
0.226840	-0.336810
0.535780	-0.687150
0.436840	1.308400
0.254820	-0.935840
0.317400	-2.672370
0.180040	-0.772740
0.111060	-0.521570
-0.137328	-2.015290
-0.098524	0.050400
-0.147772	-0.894620
-0.215630	-0.013170
-0.283760	-0.184680
-0.121420	-0.679450
-0.005256	-0.073740
0.145940	0.858200
0.322120	0.376900
0.374700	-0.749270
0.759540	1.402300
0.639560	0.805900
0.614900	-0.335230
0.335820	0.672600
0.150940	1.211500
0.220940	0.046500
0.116760	-0.285110
0.080620	1.150900
-0.064798	-1.314280
-0.190194	-0.131080
-0.113560	-0.470960
0.125420	0.072300
-0.018352	1.673300
0.171600	-0.010240
0.332700	-0.405610
0.511820	-0.315260
0.638040	-0.606960
0.508680	-1.596330
0.428800	-0.988120
0.490820	0.797100
0.292280	1.104700
0.342060	-1.325570
-0.011704	-0.971750
-0.011502	1.569600
-0.103342	0.158700
-0.113706	-0.161900
0.000240	1.418200
0.071320	-1.993640
0.177320	0.568000
0.359060	-0.014150
0.577960	0.515600
0.648120	-1.197540
0.456220	1.116700
0.524740	0.557300
0.574200	-1.435720
0.423080	-0.114030
0.335500	0.941000
0.223060	-0.218840
0.003320	-0.417900
-0.025898	-1.048330
-0.179336	-0.134850
-0.127368	-1.100940
0.113460	0.746100
0.299520	-0.082440
0.222820	0.095800
0.521720	-0.066740
0.641500	0.018800
0.579500	1.141700
0.735700	-0.157850
0.556020	1.327700
0.437120	1.102200
0.390340	0.450600
0.435560	0.132600
0.155840	0.059000
-0.133304	0.126900
-0.267416	-1.852440
0.024300	0.990600
0.027260	-0.226160
0.013320	0.930100
0.226780	0.990900
0.330900	-0.741900
0.400300	0.042600
0.352780	2.004800
0.592180	-0.121760
0.475280	0.775800
0.756880	-2.856570
0.604420	1.345300
0.470400	-0.264430
0.263720	-0.494680
0.118820	-0.411970
-0.118544	-0.580190
-0.343434	1.603100
-0.220404	0.915100
-0.186630	0.491200
-0.026160	-1.241210
0.216460	0.561400
0.342780	0.552000
-0.041982	-0.137140
0.314740	-0.925460
0.508460	-0.988970
0.411780	-0.704300
0.740580	0.917800
0.763540	-0.383380
0.514200	1.203400
0.287600	-0.357410
-0.086436	-0.337410
-0.485274	-0.449440
-0.383650	-0.273970
-0.376248	1.197800
-0.382604	0.547400
-0.213614	0.697500
0.027700	1.322200
0.109780	-1.655220
0.005820	0.897100
0.248800	0.070200
0.485400	-1.027920
0.470140	1.657000
0.494400	0.718200
0.441740	0.157700
0.293780	-0.148100
-0.123918	-1.866580
-0.414384	0.576600
-0.437060	2.470500
-0.455512	0.800400
-0.592284	-1.952630
-0.472266	-1.040490
-0.249838	-2.133560
-0.165634	-1.010660
-0.172210	-0.155240
-0.151382	-0.266060
-0.325962	1.174000
0.294840	0.905100
0.332140	2.038900
0.166040	-0.499960
0.303020	-1.073000
0.075380	0.324200
-0.306000	0.310300
-0.129552	-2.125050
-0.482904	-0.154340
-1.000000	1.199800
-0.994186	1.570400
-0.513788	-0.395310
-0.222356	1.056300
-0.094168	0.814200
-0.092020	0.247000
0.008240	0.403800
-0.008918	0.008200
0.279560	-0.219520
0.186100	-1.469970
0.056320	0.227700
0.191220	1.445600
-0.186678	0.876100
-0.531776	-0.828200
-0.503176	-1.420600
-0.709722	-0.648700
-0.857030	-0.310810
-0.928630	-0.496050
-0.668142	-0.830240
-0.568570	2.246600
-0.220960	-2.494730
-0.038376	0.254100
-0.055414	-0.266290
-0.108118	-1.806950
0.105580	0.832400
0.218720	-0.010790
0.122040	-0.490850
-0.007570	0.255900
-0.329408	1.685900
-0.693440	-0.184950
-0.705234	-0.223970
-0.399760	-0.948160
-0.844452	0.289300
-0.905970	-0.495080
-0.647604	-1.576810
-0.550582	0.244800
-0.383092	0.373700
-0.241484	1.981800
-0.061402	-0.576550
0.126440	0.232500
0.185260	-1.437760
0.166300	-0.264060
-0.031512	-1.256580
-0.088884	0.893500
-0.199894	0.498100
-0.489822	-0.754740
-0.505740	0.813900
-0.557412	0.756400
-0.762736	0.816700
-0.781524	-0.119260
-0.759644	0.046700
-0.678540	0.648200
-0.416138	-1.182060
-0.137662	-1.305380
-0.225646	-0.630050
0.240700	-0.310840
0.152440	-0.305200
0.096720	0.403900
0.070860	0.145700
0.013100	-0.149960
-0.129360	0.037700
-0.307328	-0.100970
-0.338552	0.050200
-0.343850	-0.745220
-0.509828	0.032900
-0.532678	-0.721060
-0.889566	0.533800
-0.585610	-0.270720
-0.200952	-0.813180
-0.088074	0.800900
0.033500	-1.802390
0.050700	0.798900
0.222360	1.032600
0.128800	-0.182110
0.126720	0.574700
0.165360	-1.577620
-0.019922	-0.273070
-0.138216	-1.677350
-0.141268	-0.625690
-0.190410	0.144400
-0.447568	-1.492810
-0.357714	0.417900
-0.432262	0.718300
-0.321438	-0.767220
-0.293396	-2.234300
-0.260588	-1.040890
-0.108886	0.547400
0.089500	-1.634310
0.075720	1.135900
0.237100	1.267600
0.363920	0.036600
0.347540	1.121600
0.174880	-1.451900
-0.109242	-1.518590
-0.193342	0.104900
-0.258384	0.259400
-0.488364	-0.516410
-0.275872	-0.719340
-0.336866	-1.408840
-0.261248	-0.178400
-0.142594	-1.563930
-0.033166	0.082900
-0.046564	-0.423740
0.182800	0.430300
0.360440	-2.007570
