NodeId	d_1	d_2	clu	clo	n_triad	eig1	eig2
0	8	80	0.071429	0.045455	2	0.017829	0.024664
1	6	69	0.066667	0.026316	1	0.016555	0.02223
2	12	136	0.090909	0.064865	6	0.040826	0.041811
3	7	91	0.28571	0.099174	6	0.026227	0.028177
4	10	141	0.17778	0.094675	8	0.037469	0.044453
5	11	149	0.090909	0.052632	5	0.043634	0.047283
6	5	40	0	0	0	0.0099045	0.012877
7	9	93	0	0	0	0.022508	0.029289
8	8	97	0.035714	0.017699	1	0.024964	0.032023
9	11	179	0.090909	0.046948	5	0.047197	0.057131
10	18	177	0.045752	0.061674	7	0.057174	0.058967
11	20	215	0.1	0.1155	19	0.080533	0.067845
12	29	220	0.078818	0.16244	32	0.10663	0.069444
13	13	149	0.17949	0.12174	14	0.061103	0.0497
14	12	173	0.15152	0.090909	10	0.05335	0.055778
15	25	188	0.086667	0.16667	26	0.087466	0.060253
16	8	129	0.17857	0.05618	5	0.0426	0.041774
17	12	114	0.13636	0.11688	9	0.039437	0.036816
18	11	140	0.27273	0.15152	15	0.048494	0.045677
19	11	118	0.12727	0.093333	7	0.036003	0.038359
20	9	118	0.11111	0.056338	4	0.031233	0.037031
21	12	120	0.10606	0.094595	7	0.034418	0.038815
22	14	139	0.065934	0.074074	6	0.033149	0.042941
23	5	61	0.1	0.029851	1	0.014321	0.020222
24	7	88	0.095238	0.040404	2	0.020184	0.02716
25	24	222	0.039855	0.076389	11	0.067486	0.067969
26	7	72	0.047619	0.023529	1	0.018116	0.022761
27	11	129	0.054545	0.04	3	0.030872	0.038773
28	7	90	0.14286	0.054054	3	0.022855	0.027491
29	25	200	0.09	0.16981	27	0.074093	0.062027
30	10	125	0.2	0.10526	9	0.034771	0.0375
31	19	147	0.093567	0.14815	16	0.047882	0.044003
32	7	66	0.14286	0.075949	3	0.017791	0.021125
33	11	159	0.054545	0.032258	3	0.038316	0.048432
34	10	132	0.088889	0.051948	4	0.034531	0.042943
35	13	136	0.10256	0.088398	8	0.046168	0.045275
36	8	108	0.14286	0.057971	4	0.035757	0.036829
37	13	139	0.20513	0.16327	16	0.052764	0.045564
38	19	204	0.11111	0.12298	19	0.07734	0.064667
39	14	187	0.17582	0.12214	16	0.06384	0.059447
40	27	220	0.059829	0.12426	21	0.091433	0.06935
41	9	99	0.19444	0.10769	7	0.031034	0.032664
42	11	133	0.12727	0.084337	7	0.039218	0.042338
43	12	135	0.10606	0.08284	7	0.041251	0.044001
44	7	75	0	0	0	0.020444	0.02537
45	8	75	0.10714	0.070588	3	0.019428	0.024908
46	7	90	0.28571	0.1165	6	0.020779	0.028019
47	8	77	0.10714	0.072289	3	0.017702	0.024697
48	10	99	0.088889	0.063492	4	0.028753	0.031662
49	9	127	0.13889	0.065359	5	0.032707	0.039374
50	16	158	0.175	0.17073	21	0.053528	0.047353
51	8	89	0.071429	0.035088	2	0.024568	0.027352
52	14	116	0.15385	0.15385	14	0.042394	0.036826
53	7	97	0.2381	0.080645	5	0.026464	0.030394
54	14	101	0.25275	0.26286	23	0.040224	0.030987
55	11	134	0.12727	0.081395	7	0.036267	0.040999
56	10	111	0.088889	0.058824	4	0.026882	0.03348
57	19	171	0.070175	0.10084	12	0.059106	0.054143
58	13	125	0.15385	0.14201	12	0.03901	0.041467
59	20	210	0.12105	0.14024	23	0.082064	0.067057
60	14	159	0.21978	0.15936	20	0.061143	0.050306
61	18	151	0.15686	0.19672	24	0.065603	0.05003
62	32	249	0.086694	0.20093	43	0.11532	0.077735
63	11	112	0.30909	0.18889	17	0.047493	0.037215
64	14	186	0.14286	0.097744	13	0.065204	0.059293
65	8	77	0.17857	0.097087	5	0.02585	0.025646
66	12	122	0.13636	0.10345	9	0.044248	0.040705
67	12	151	0.12121	0.084656	8	0.042309	0.048606
68	9	104	0.11111	0.065041	4	0.026723	0.032527
69	8	102	0	0	0	0.023043	0.0321
70	13	149	0.064103	0.059172	5	0.037642	0.047222
71	8	118	0.10714	0.046875	3	0.026657	0.037972
72	9	79	0.19444	0.13462	7	0.022974	0.024742
73	10	117	0.066667	0.041379	3	0.032081	0.035221
74	22	226	0.099567	0.12742	23	0.07979	0.069012
75	8	99	0.21429	0.091603	6	0.029272	0.031722
76	13	127	0.19231	0.15707	15	0.042154	0.039301
77	30	253	0.094253	0.20098	41	0.0942	0.077056
78	8	82	0.46429	0.20312	13	0.027424	0.025956
79	12	117	0.12121	0.10596	8	0.032572	0.036143
80	11	127	0.072727	0.053333	4	0.033915	0.041295
81	8	109	0.25	0.10294	7	0.028517	0.035051
82	8	78	0.28571	0.15385	8	0.023611	0.025334
83	11	102	0.14545	0.11034	8	0.034299	0.033073
84	10	97	0.26667	0.16	12	0.038844	0.032858
85	10	103	0.088889	0.066116	4	0.030476	0.033952
86	9	130	0.22222	0.090909	8	0.042759	0.043549
87	9	82	0.27778	0.15748	10	0.032404	0.026746
88	26	214	0.083077	0.16024	27	0.087992	0.068588
89	17	160	0.095588	0.11982	13	0.050698	0.050774
90	6	93	0.2	0.055556	3	0.025616	0.031555
91	15	190	0.07619	0.064257	8	0.055221	0.059482
92	9	113	0.083333	0.045802	3	0.028473	0.035547
93	9	109	0.027778	0.016949	1	0.024276	0.033816
94	6	77	0.13333	0.044944	2	0.019067	0.024639
95	8	85	0.035714	0.021739	1	0.019723	0.026904
96	8	90	0.32143	0.15254	9	0.026974	0.029848
97	27	228	0.076923	0.15084	27	0.083383	0.069286
98	5	61	0.5	0.12821	5	0.018283	0.019742
99	9	78	0.13889	0.09901	5	0.02246	0.023865
100	6	69	0.4	0.12371	6	0.020167	0.021905
101	13	109	0.20513	0.19277	16	0.036184	0.033572
102	11	124	0.16364	0.10588	9	0.036462	0.038745
103	7	82	0.095238	0.042105	2	0.01965	0.026108
104	9	101	0.11111	0.066667	4	0.025365	0.032225
105	21	164	0.057143	0.11429	12	0.048424	0.051326
106	10	125	0.13333	0.075472	6	0.033933	0.039746
107	8	90	0.17857	0.089286	5	0.025395	0.029284
108	21	213	0.090476	0.11838	19	0.075906	0.067033
109	10	125	0.22222	0.11628	10	0.042994	0.041398
110	21	199	0.07619	0.1115	16	0.074398	0.063086
111	8	115	0.17857	0.071429	5	0.032985	0.037662
112	24	204	0.057971	0.11552	16	0.06743	0.063158
113	5	70	0.4	0.1	4	0.017156	0.022195
114	11	121	0.090909	0.070423	5	0.033613	0.039764
115	7	90	0.14286	0.057692	3	0.024092	0.029238
116	10	96	0.044444	0.037383	2	0.023518	0.030602
117	6	57	0.066667	0.030303	1	0.013751	0.017786
118	14	175	0.087912	0.073733	8	0.045404	0.052776
119	7	78	0.47619	0.17857	10	0.024283	0.025206
120	9	106	0.27778	0.14085	10	0.032522	0.035216
121	25	263	0.073333	0.12022	22	0.078766	0.076797
122	9	108	0.25	0.12081	9	0.031809	0.033242
123	9	94	0.19444	0.12174	7	0.023055	0.028633
124	19	159	0.093567	0.14953	16	0.047098	0.049245
125	8	103	0.10714	0.05042	3	0.024926	0.032153
126	20	196	0.057895	0.08365	11	0.058416	0.060168
127	10	129	0.022222	0.012987	1	0.03085	0.040657
128	9	96	0.083333	0.047619	3	0.028576	0.031598
129	11	142	0.072727	0.044693	4	0.036373	0.044842
130	10	142	0.066667	0.037037	3	0.033057	0.04348
131	23	201	0.090909	0.15972	23	0.068312	0.062846
132	9	121	0.30556	0.13095	11	0.037908	0.038827
133	14	121	0.13187	0.13483	12	0.041808	0.037871
134	10	134	0.066667	0.037975	3	0.036875	0.043997
135	14	134	0.16484	0.15306	15	0.047606	0.042951
136	17	150	0.13971	0.17757	19	0.05093	0.047549
137	7	95	0.2381	0.088496	5	0.023154	0.029424
138	13	124	0.051282	0.05	4	0.039287	0.041837
139	11	124	0.072727	0.051282	4	0.03482	0.039564
140	7	82	0.19048	0.080808	4	0.020607	0.026153
141	12	106	0.060606	0.064	4	0.030185	0.034204
142	8	95	0.25	0.10294	7	0.03059	0.030968
143	31	223	0.092473	0.23118	43	0.091311	0.06798
144	17	185	0.088235	0.098361	12	0.056123	0.057196
145	10	108	0.13333	0.086957	6	0.030049	0.032993
146	13	138	0.26923	0.20096	21	0.044952	0.043155
147	10	114	0.31111	0.17834	14	0.032471	0.035606
148	19	170	0.12281	0.17797	21	0.051231	0.051904
149	13	150	0.051282	0.045455	4	0.038096	0.046378
150	6	73	0.066667	0.024096	1	0.017101	0.023528
151	9	92	0.055556	0.038095	2	0.021743	0.027794
152	8	97	0.071429	0.034783	2	0.022322	0.02999
153	11	121	0.14545	0.1039	8	0.031129	0.037384
154	9	92	0.11111	0.074074	4	0.022913	0.028777
155	12	134	0.10606	0.076503	7	0.041148	0.042417
156	16	141	0.10833	0.13198	13	0.046656	0.044058
157	5	47	0.2	0.063492	2	0.013648	0.015354
158	12	114	0.060606	0.052632	4	0.035723	0.037102
159	13	154	0.10256	0.081218	8	0.044827	0.048935
160	8	93	0.14286	0.070796	4	0.023851	0.029314
161	25	219	0.026667	0.056537	8	0.069556	0.068093
162	9	121	0.055556	0.028369	2	0.030381	0.038058
163	6	58	0.13333	0.054054	2	0.01848	0.020515
164	12	134	0.090909	0.07362	6	0.039607	0.044193
165	11	163	0.14545	0.071111	8	0.050975	0.053106
166	22	194	0.082251	0.13475	19	0.070129	0.061545
167	6	90	0.2	0.05042	3	0.026578	0.029849
168	8	128	0.071429	0.025478	2	0.033858	0.041682
169	8	89	0.10714	0.055556	3	0.023606	0.027872
170	14	110	0.17582	0.20253	16	0.033617	0.033674
171	8	82	0.21429	0.10811	6	0.021781	0.02574
172	11	141	0.12727	0.077348	7	0.036347	0.042806
173	8	116	0.035714	0.015625	1	0.026429	0.037511
174	11	108	0.036364	0.032258	2	0.026107	0.03352
175	8	104	0.14286	0.066116	4	0.024211	0.033133
176	17	126	0.066176	0.10843	9	0.036927	0.039013
177	9	104	0.055556	0.033613	2	0.02433	0.032682
178	14	145	0.076923	0.074866	7	0.042583	0.047033
179	13	106	0.16667	0.16456	13	0.035367	0.033929
180	8	107	0.14286	0.058824	4	0.030697	0.03517
181	12	110	0.045455	0.045113	3	0.03049	0.035697
182	9	113	0.083333	0.044776	3	0.028824	0.035983
183	8	83	0.14286	0.079208	4	0.02358	0.027684
184	5	40	0.3	0.11765	3	0.011826	0.01315
185	8	97	0.32143	0.13433	9	0.031003	0.032259
186	10	95	0.15556	0.10853	7	0.031243	0.031126
187	6	87	0.2	0.059406	3	0.02374	0.029581
188	9	99	0.083333	0.048	3	0.028807	0.031577
189	14	115	0.098901	0.10286	9	0.043467	0.0377
190	9	116	0.19444	0.084848	7	0.036674	0.037306
191	14	140	0.032967	0.035928	3	0.038967	0.044735
192	16	148	0.066667	0.082902	8	0.044601	0.045661
193	8	73	0	0	0	0.01569	0.022939
194	6	61	0.066667	0.03125	1	0.012174	0.018271
195	9	96	0.22222	0.12214	8	0.025974	0.030206
196	9	115	0.083333	0.041958	3	0.027736	0.035188
197	19	187	0.064327	0.086275	11	0.056792	0.057562
198	7	112	0.19048	0.061538	4	0.026089	0.034778
199	10	110	0.13333	0.082759	6	0.029638	0.034699
200	11	157	0.14545	0.07619	8	0.042382	0.048326
201	10	118	0.11111	0.073529	5	0.030178	0.037874
202	11	147	0.10909	0.066667	6	0.038245	0.047018
203	13	114	0.14103	0.13924	11	0.034094	0.035771
204	26	212	0.083077	0.16071	27	0.079382	0.067307
205	9	95	0.13889	0.090909	5	0.022356	0.029008
206	7	82	0.14286	0.061224	3	0.02234	0.027768
207	12	169	0.15152	0.09009	10	0.050256	0.054677
208	25	202	0.083333	0.16181	25	0.077304	0.064136
209	8	113	0.17857	0.070922	5	0.031555	0.036386
210	31	284	0.066667	0.13747	31	0.10838	0.087674
211	33	283	0.043561	0.11031	23	0.099336	0.083716
212	9	101	0.11111	0.063492	4	0.028308	0.03134
213	11	115	0.2	0.13174	11	0.036966	0.036758
214	28	263	0.084656	0.15023	32	0.10042	0.080299
215	11	140	0.25455	0.12903	14	0.048658	0.044177
216	17	164	0.11765	0.13502	16	0.052067	0.04976
217	8	118	0.10714	0.044118	3	0.026394	0.036951
218	10	96	0.066667	0.051724	3	0.02384	0.030062
219	10	94	0.15556	0.112	7	0.025811	0.029106
220	7	58	0	0	0	0.012534	0.016817
221	12	187	0.090909	0.052632	6	0.047354	0.059109
222	34	273	0.039216	0.10837	22	0.094527	0.079628
223	35	284	0.045378	0.125	27	0.10012	0.085977
224	14	174	0.065934	0.054795	6	0.045739	0.053274
225	5	56	0	0	0	0.012463	0.018794
226	10	122	0.15556	0.095238	7	0.030796	0.038153
227	9	113	0.11111	0.059259	4	0.027528	0.035187
228	11	112	0.10909	0.084507	6	0.030145	0.035243
229	5	42	0.2	0.075472	2	0.010086	0.012685
230	9	88	0.055556	0.038095	2	0.023478	0.02893
231	9	97	0.083333	0.052174	3	0.025409	0.030778
232	13	158	0.089744	0.071429	7	0.041872	0.047851
233	15	155	0.11429	0.11163	12	0.050157	0.049742
234	15	148	0.17143	0.15929	18	0.055048	0.048677
235	20	192	0.14737	0.18301	28	0.07031	0.059107
236	11	109	0.25455	0.15909	14	0.040133	0.034474
237	11	108	0.12727	0.098592	7	0.033407	0.03482
238	29	230	0.071429	0.16066	29	0.085414	0.069754
239	7	111	0.2381	0.070423	5	0.030382	0.035025
240	10	111	0.13333	0.085714	6	0.028882	0.03437
241	7	89	0.047619	0.021277	1	0.020659	0.029152
242	14	137	0.032967	0.037736	3	0.032607	0.040999
243	14	157	0.087912	0.076923	8	0.040302	0.04746
244	7	88	0.095238	0.040404	2	0.019529	0.02673
245	20	194	0.063158	0.093385	12	0.056422	0.058995
246	9	117	0.22222	0.10884	8	0.030349	0.036454
247	11	171	0.14545	0.07767	8	0.039748	0.051465
248	7	62	0.2381	0.125	5	0.016153	0.018977
249	11	112	0.054545	0.040541	3	0.030147	0.035609
250	8	95	0	0	0	0.025375	0.030223
251	11	131	0.072727	0.050955	4	0.034087	0.041835
252	8	100	0.071429	0.035088	2	0.02391	0.031708
253	20	155	0.068421	0.12037	13	0.048095	0.048039
254	11	151	0.10909	0.06	6	0.042169	0.048101
255	21	212	0.07619	0.11034	16	0.066445	0.066915
256	9	114	0.22222	0.10458	8	0.033371	0.036589
257	13	164	0.12821	0.095694	10	0.048051	0.052901
258	10	129	0.2	0.10056	9	0.040771	0.041383
259	10	107	0.17778	0.10884	8	0.031915	0.032418
260	13	105	0.16667	0.16352	13	0.036952	0.032705
261	12	111	0.18182	0.15385	12	0.03556	0.034634
262	6	66	0.066667	0.024691	1	0.01754	0.020961
263	11	122	0.12727	0.089744	7	0.032458	0.037743
264	17	213	0.073529	0.073529	10	0.058891	0.064721
265	10	118	0.11111	0.071429	5	0.029018	0.036793
266	8	88	0.17857	0.095238	5	0.0207	0.027771
267	9	112	0.083333	0.04918	3	0.025998	0.035859
268	17	173	0.058824	0.077295	8	0.041121	0.05156
269	9	92	0.22222	0.13675	8	0.021715	0.027697
270	12	131	0.13636	0.1	9	0.035928	0.040614
271	28	197	0.050265	0.13818	19	0.061834	0.06031
272	5	55	0.4	0.10667	4	0.013255	0.016894
273	16	150	0.15833	0.18009	19	0.043703	0.046141
274	8	90	0.28571	0.13333	8	0.023002	0.028021
275	10	124	0.22222	0.12739	10	0.029566	0.038063
276	9	74	0.25	0.18947	9	0.02035	0.023095
277	8	91	0.28571	0.12903	8	0.026012	0.028864
278	9	131	0.13889	0.064516	5	0.034888	0.043201
279	35	245	0.052101	0.15979	31	0.095406	0.075984
280	14	144	0.16484	0.15385	15	0.043447	0.045173
281	9	127	0.22222	0.099379	8	0.033427	0.04036
282	10	132	0.13333	0.074534	6	0.035521	0.042222
283	9	130	0.083333	0.039216	3	0.031766	0.040695
284	27	229	0.076923	0.16024	27	0.080558	0.070856
285	8	95	0.35714	0.14493	10	0.030771	0.031348
286	10	131	0.11111	0.064935	5	0.032528	0.040773
287	9	97	0.19444	0.1157	7	0.026941	0.031274
288	14	149	0.13187	0.1206	12	0.04484	0.047896
289	16	144	0.15833	0.18095	19	0.042212	0.043023
290	12	127	0.18182	0.13559	12	0.035853	0.038408
291	8	108	0.10714	0.046512	3	0.024762	0.032568
292	10	105	0.088889	0.0625	4	0.026388	0.032418
293	8	95	0.14286	0.074074	4	0.02026	0.028769
294	8	84	0.14286	0.082474	4	0.020306	0.026687
295	10	141	0.11111	0.05848	5	0.031869	0.042582
296	9	73	0.13889	0.1087	5	0.018334	0.022573
297	25	240	0.04	0.073394	12	0.071282	0.07379
298	12	146	0.18182	0.12308	12	0.037323	0.04513
299	11	79	0.12727	0.12844	7	0.023145	0.024144
300	12	136	0.16667	0.12291	11	0.035443	0.042128
301	11	140	0.12727	0.079096	7	0.037779	0.043875
302	9	140	0.055556	0.024242	2	0.036031	0.044752
303	10	135	0.088889	0.04878	4	0.033025	0.041081
304	8	96	0.14286	0.072072	4	0.023862	0.030488
305	14	157	0.087912	0.080402	8	0.042924	0.049537
306	9	87	0.16667	0.11429	6	0.02203	0.027673
307	8	87	0.21429	0.11321	6	0.023183	0.027729
308	17	162	0.073529	0.091743	10	0.047855	0.050553
309	11	100	0.054545	0.046875	3	0.029323	0.032401
310	6	77	0	0	0	0.016046	0.024948
311	9	104	0.027778	0.017094	1	0.023564	0.032155
312	10	133	0.13333	0.076433	6	0.030955	0.04036
313	28	230	0.087302	0.18592	33	0.074193	0.066527
314	15	166	0.1619	0.15247	17	0.043996	0.048374
315	12	113	0.16667	0.13665	11	0.031764	0.034287
316	12	138	0.060606	0.048193	4	0.033754	0.04318
317	8	63	0.035714	0.028169	1	0.012713	0.01819
318	14	146	0.054945	0.059524	5	0.031006	0.042399
319	6	53	0.13333	0.066667	2	0.011801	0.01592
320	11	133	0.036364	0.027211	2	0.028445	0.040663
321	8	72	0.21429	0.12	6	0.019846	0.022534
322	13	125	0.10256	0.098765	8	0.031377	0.037259
323	9	129	0.083333	0.038961	3	0.03108	0.04015
324	10	116	0.11111	0.075758	5	0.027745	0.0367
325	9	115	0.055556	0.031008	2	0.02818	0.036951
326	17	139	0.088235	0.12565	12	0.04253	0.043769
327	7	71	0.19048	0.088889	4	0.019082	0.023006
328	5	41	0.1	0.042553	1	0.0092115	0.012768
329	10	88	0.088889	0.07619	4	0.023139	0.028748
330	9	122	0.083333	0.042857	3	0.028292	0.037951
331	8	105	0.17857	0.084034	5	0.026308	0.035271
332	20	207	0.11579	0.13665	22	0.066924	0.062493
333	7	90	0.095238	0.039604	2	0.019938	0.026974
334	8	97	0	0	0	0.020172	0.029904
335	9	96	0	0	0	0.019169	0.02817
336	10	97	0.11111	0.081967	5	0.022327	0.027752
337	10	102	0.2	0.12766	9	0.027004	0.030627
338	10	100	0.088889	0.069565	4	0.021803	0.028821
339	6	82	0	0	0	0.015792	0.025643
340	7	75	0	0	0	0.013061	0.021453
341	8	76	0	0	0	0.013604	0.020511
342	7	54	0.095238	0.060606	2	0.011639	0.015674
343	7	74	0.19048	0.093023	4	0.014654	0.021379
344	11	118	0.036364	0.028986	2	0.028389	0.036807
345	9	82	0.11111	0.078431	4	0.018488	0.023079
346	13	139	0.15385	0.13714	12	0.035967	0.043995
347	8	101	0.14286	0.066116	4	0.024496	0.032481
348	8	80	0.17857	0.09901	5	0.019636	0.024836
349	6	56	0.2	0.084507	3	0.014903	0.018483
350	8	123	0.14286	0.055172	4	0.029663	0.039245
351	14	179	0.065934	0.052863	6	0.04682	0.055501
352	10	115	0.088889	0.059259	4	0.02791	0.036674
353	11	100	0.14545	0.12308	8	0.031035	0.032385
354	13	142	0.038462	0.038961	3	0.033558	0.044307
355	6	81	0	0	0	0.018087	0.026754
356	11	111	0.10909	0.080537	6	0.029672	0.032365
357	12	105	0.015152	0.016	1	0.024182	0.030267
358	5	41	0.2	0.085106	2	0.0076994	0.011488
359	12	113	0.090909	0.078947	6	0.026695	0.031886
360	31	220	0.073118	0.19653	34	0.074389	0.06465
361	9	102	0.22222	0.11348	8	0.024976	0.029602
362	8	67	0.28571	0.17391	8	0.015593	0.018618
363	11	134	0.054545	0.035714	3	0.030372	0.039661
364	13	106	0.038462	0.047619	3	0.025654	0.03202
365	10	95	0	0	0	0.019472	0.026642
366	6	58	0	0	0	0.011653	0.017405
367	13	130	0.025641	0.028571	2	0.026775	0.038342
368	10	117	0.044444	0.029851	2	0.025705	0.034671
369	13	125	0.11538	0.11465	9	0.031578	0.038304
370	11	157	0.090909	0.054945	5	0.035788	0.047165
371	15	144	0.047619	0.05814	5	0.034508	0.04294
372	6	53	0	0	0	0.01156	0.016239
373	6	59	0.2	0.084507	3	0.013596	0.017952
374	16	162	0.066667	0.080808	8	0.044689	0.05122
375	27	215	0.065527	0.14839	23	0.070916	0.066747
376	10	150	0.088889	0.046784	4	0.036656	0.048207
377	9	71	0.19444	0.1573	7	0.018548	0.02189
378	8	103	0.10714	0.051282	3	0.025205	0.033953
379	13	153	0.076923	0.067039	6	0.036823	0.046624
380	13	164	0.11538	0.092308	9	0.040296	0.051688
381	9	108	0.083333	0.045455	3	0.024668	0.032467
382	8	75	0.17857	0.098039	5	0.018265	0.021479
383	7	90	0.2381	0.093458	5	0.018724	0.0256
384	11	149	0.16364	0.088235	9	0.036839	0.042955
385	7	69	0.19048	0.091954	4	0.016423	0.020074
386	21	162	0.090476	0.14559	19	0.050947	0.047583
387	8	99	0.035714	0.018519	1	0.019925	0.028949
388	8	87	0.071429	0.038462	2	0.018591	0.024245
389	13	116	0.025641	0.028369	2	0.025674	0.032283
390	9	126	0.027778	0.013423	1	0.026571	0.037045
391	13	137	0.025641	0.025806	2	0.034307	0.043643
392	8	91	0	0	0	0.022199	0.028754
393	8	85	0.17857	0.097087	5	0.020529	0.025806
394	8	76	0.071429	0.047619	2	0.018158	0.023547
395	11	124	0.072727	0.054422	4	0.027785	0.036928
396	5	43	0	0	0	0.0086992	0.012898
397	9	114	0.11111	0.058824	4	0.028061	0.0367
398	16	180	0.066667	0.069264	8	0.05236	0.057576
399	7	110	0.2381	0.076336	5	0.027939	0.035741
400	12	121	0.090909	0.081633	6	0.035377	0.039394
401	8	85	0.14286	0.075472	4	0.023099	0.026839
402	12	177	0.045455	0.027778	3	0.04241	0.054012
403	12	95	0.075758	0.086207	5	0.024798	0.029689
404	15	137	0.057143	0.071006	6	0.034883	0.041777
405	7	100	0.14286	0.054545	3	0.021791	0.031629
406	9	84	0.11111	0.078431	4	0.019289	0.024554
407	8	87	0.17857	0.092593	5	0.021935	0.027371
408	7	85	0.2381	0.08547	5	0.020979	0.024301
409	14	107	0.12088	0.15942	11	0.026172	0.031373
410	13	156	0.051282	0.042781	4	0.038193	0.0468
411	6	60	0.066667	0.032258	1	0.01212	0.01791
412	17	178	0.022059	0.029268	3	0.041664	0.051391
413	11	99	0.10909	0.090226	6	0.024042	0.027535
414	11	107	0.21818	0.16327	12	0.030178	0.03197
415	10	111	0.13333	0.085714	6	0.028666	0.033634
416	8	85	0	0	0	0.02124	0.02673
417	7	71	0.2381	0.10204	5	0.020064	0.021553
418	9	106	0.19444	0.10938	7	0.027807	0.034159
419	11	113	0.10909	0.084507	6	0.033138	0.037398
420	12	128	0.060606	0.04878	4	0.03475	0.039988
421	7	76	0.047619	0.023256	1	0.020627	0.024901
422	15	170	0.047619	0.048544	5	0.047113	0.054298
423	10	82	0.066667	0.059406	3	0.024144	0.026353
424	6	59	0.2	0.075949	3	0.016531	0.018352
425	12	121	0.10606	0.090909	7	0.032527	0.037893
426	8	70	0.035714	0.024096	1	0.017605	0.021635
427	8	101	0.035714	0.017094	1	0.022627	0.030428
428	13	134	0.064103	0.064516	5	0.033321	0.041002
429	11	146	0.10909	0.067797	6	0.035935	0.046038
430	7	63	0.2381	0.11494	5	0.017397	0.018934
431	26	193	0.073846	0.16495	24	0.061781	0.05767
432	18	158	0.1634	0.21186	25	0.049513	0.048845
433	9	113	0.33333	0.14201	12	0.032925	0.032643
434	9	122	0.16667	0.07947	6	0.032347	0.037547
435	11	131	0.072727	0.051948	4	0.029538	0.037506
436	8	96	0.10714	0.053571	3	0.021804	0.029286
437	16	179	0.075	0.081081	9	0.043111	0.050783
438	17	143	0.125	0.17	17	0.043078	0.042603
439	12	139	0.24242	0.16931	16	0.038252	0.041489
440	6	71	0.13333	0.045455	2	0.017204	0.021111
441	27	215	0.071225	0.15576	25	0.071602	0.063681
442	11	148	0.072727	0.045714	4	0.037731	0.046392
443	14	147	0.087912	0.087432	8	0.039831	0.044513
444	19	167	0.081871	0.11336	14	0.058888	0.053058
445	18	192	0.065359	0.079365	10	0.058667	0.060289
446	7	78	0.095238	0.043478	2	0.021722	0.025382
447	12	102	0.075758	0.074074	5	0.029614	0.031407
448	18	152	0.091503	0.12389	14	0.056181	0.049958
449	22	171	0.090909	0.15498	21	0.065738	0.054342
450	6	60	0.2	0.078947	3	0.016383	0.018971
451	11	113	0.2	0.13665	11	0.035149	0.035895
452	13	150	0.076923	0.066667	6	0.037768	0.046505
453	13	141	0.12821	0.10695	10	0.035843	0.041468
454	10	106	0.33333	0.20134	15	0.03055	0.032401
455	10	92	0.22222	0.14925	10	0.027044	0.028056
456	16	134	0.11667	0.15135	14	0.03836	0.040378
457	14	145	0.12088	0.12022	11	0.039459	0.043437
458	15	183	0.07619	0.072398	8	0.047545	0.055729
459	10	104	0.15556	0.10853	7	0.027761	0.03288
460	8	76	0.21429	0.11881	6	0.021153	0.022688
461	11	147	0.14545	0.085561	8	0.036677	0.043046
462	33	221	0.083333	0.23097	44	0.089946	0.066703
463	8	109	0.32143	0.12081	9	0.032093	0.034163
464	9	105	0.22222	0.10884	8	0.032379	0.032067
465	10	152	0.28889	0.12207	13	0.046399	0.046677
466	23	191	0.075099	0.12102	19	0.074945	0.059773
467	18	184	0.091503	0.1129	14	0.056812	0.055712
468	10	102	0.24444	0.14966	11	0.035253	0.033083
469	18	158	0.11765	0.15451	18	0.06021	0.051277
470	15	150	0.18095	0.16239	19	0.057027	0.048722
471	12	134	0.060606	0.047904	4	0.039015	0.041639
472	22	228	0.082251	0.1155	19	0.078316	0.070388
473	9	110	0.36111	0.15758	13	0.041103	0.036495
474	9	94	0.11111	0.064	4	0.028688	0.030504
475	22	178	0.069264	0.1194	16	0.062902	0.055533
476	6	65	0.26667	0.096386	4	0.016186	0.020028
477	6	76	0.26667	0.084211	4	0.017643	0.022265
478	16	151	0.091667	0.11	11	0.042655	0.045461
479	19	218	0.11111	0.12459	19	0.065336	0.066512
480	10	119	0.11111	0.068966	5	0.029593	0.03627
481	9	152	0.13889	0.054348	5	0.03695	0.045791
482	35	242	0.067227	0.20253	40	0.094417	0.072415
483	28	190	0.07672	0.19463	29	0.06865	0.056088
484	8	108	0.14286	0.059701	4	0.026242	0.031977
485	11	122	0.12727	0.08805	7	0.031884	0.037714
486	12	128	0.12121	0.10127	8	0.032561	0.038625
487	7	79	0.095238	0.040404	2	0.021914	0.025297
488	7	80	0.095238	0.043478	2	0.01976	0.024594
489	19	148	0.070175	0.11881	12	0.048104	0.046333
490	10	106	0.044444	0.033058	2	0.026642	0.033196
491	12	152	0.13636	0.095238	9	0.044213	0.048973
492	19	228	0.076023	0.084691	13	0.075268	0.071772
493	14	193	0.12088	0.080586	11	0.064683	0.060315
494	14	158	0.17582	0.13445	16	0.058432	0.050734
495	12	159	0.18182	0.11111	12	0.052706	0.050794
496	6	85	0.26667	0.07619	4	0.025047	0.027582
497	12	122	0.21212	0.15556	14	0.044931	0.040319
498	8	110	0.14286	0.057971	4	0.032631	0.035849
499	7	105	0.28571	0.095238	6	0.025654	0.032908
500	23	186	0.090909	0.17293	23	0.060514	0.057447
501	15	122	0.10476	0.1358	11	0.03402	0.037041
502	11	150	0.072727	0.045198	4	0.037705	0.048068
503	9	97	0.19444	0.10938	7	0.025673	0.029968
504	10	99	0.022222	0.017699	1	0.024546	0.031139
505	9	93	0.055556	0.035714	2	0.023354	0.028205
506	10	131	0.28889	0.14054	13	0.038656	0.039336
507	10	122	0.17778	0.094118	8	0.035807	0.035999
508	9	89	0.13889	0.08547	5	0.025487	0.027001
509	10	79	0.24444	0.19643	11	0.023265	0.023478
510	7	75	0.19048	0.086957	4	0.01942	0.024253
511	8	70	0.035714	0.024096	1	0.019851	0.022833
512	5	38	0	0	0	0.007202	0.01069
513	9	92	0.13889	0.09434	5	0.022506	0.028861
514	9	143	0.055556	0.025	2	0.036817	0.04668
515	20	167	0.084211	0.12749	16	0.063205	0.05344
516	16	153	0.11667	0.12281	14	0.058633	0.05097
517	12	123	0.12121	0.094118	8	0.043853	0.041064
518	34	271	0.049911	0.13146	28	0.10927	0.083218
519	15	177	0.085714	0.078603	9	0.059369	0.059131
520	10	126	0.17778	0.09816	8	0.039587	0.04152
521	25	206	0.10667	0.18768	32	0.090757	0.066267
522	24	241	0.13043	0.18947	36	0.094608	0.075282
523	28	231	0.084656	0.17778	32	0.089344	0.072615
524	9	120	0.25	0.11465	9	0.036138	0.039833
525	9	94	0.19444	0.11382	7	0.026859	0.0295
526	11	136	0.10909	0.071429	6	0.036859	0.043564
527	7	92	0.095238	0.040816	2	0.020872	0.029358
528	10	130	0.066667	0.041667	3	0.028623	0.040582
529	9	111	0.027778	0.01626	1	0.026622	0.034153
530	11	127	0.16364	0.10526	9	0.036598	0.03924
531	29	230	0.10099	0.20918	41	0.091517	0.069149
532	15	139	0.15238	0.15311	16	0.045367	0.041635
533	8	99	0.28571	0.11268	8	0.028048	0.028779
534	9	101	0	0	0	0.022102	0.030582
535	9	110	0.027778	0.017094	1	0.025222	0.034639
536	10	97	0.044444	0.040816	2	0.020582	0.029408
537	6	65	0.2	0.08	3	0.014145	0.019496
538	10	108	0.022222	0.015385	1	0.029745	0.03382
539	5	65	0.2	0.051948	2	0.017432	0.021136
540	9	95	0.055556	0.032787	2	0.029968	0.030749
541	10	99	0.2	0.125	9	0.039398	0.034146
542	11	150	0.16364	0.087805	9	0.052157	0.05058
543	10	125	0.22222	0.125	10	0.041833	0.042316
544	15	168	0.085714	0.080717	9	0.055625	0.053861
545	18	172	0.13072	0.13699	20	0.074608	0.055294
546	10	127	0.15556	0.089172	7	0.03954	0.042267
547	8	96	0.21429	0.097561	6	0.030369	0.032272
548	14	170	0.098901	0.082569	9	0.052499	0.055478
549	10	104	0.066667	0.04878	3	0.02753	0.033708
550	19	173	0.076023	0.11159	13	0.056088	0.055244
551	7	86	0.14286	0.061224	3	0.019983	0.026694
552	10	118	0.066667	0.042553	3	0.030712	0.038431
553	10	133	0.088889	0.052632	4	0.031424	0.040798
554	7	86	0.2381	0.088496	5	0.023657	0.02592
555	8	83	0.17857	0.09009	5	0.025172	0.025751
556	17	186	0.095588	0.098859	13	0.05715	0.055521
557	7	102	0.14286	0.05042	3	0.026967	0.03193
558	6	65	0	0	0	0.015009	0.020899
559	6	68	0.066667	0.026667	1	0.018478	0.023041
560	6	85	0.066667	0.021739	1	0.020002	0.027062
561	18	190	0.058824	0.077253	9	0.054198	0.060142
562	9	97	0.30556	0.16058	11	0.033776	0.032435
563	9	85	0.13889	0.098039	5	0.026165	0.028384
564	9	108	0.19444	0.097902	7	0.036959	0.037026
565	10	106	0.088889	0.054054	4	0.040871	0.037364
566	12	150	0.18182	0.10345	12	0.061447	0.051065
567	31	255	0.060215	0.14035	28	0.11059	0.080456
568	23	215	0.11462	0.1686	29	0.089848	0.067748
569	15	171	0.15238	0.12903	16	0.060796	0.054898
570	8	89	0.21429	0.10811	6	0.027644	0.029811
571	9	99	0.083333	0.050847	3	0.029944	0.033308
572	7	79	0.047619	0.021739	1	0.022143	0.026997
573	10	123	0.11111	0.070922	5	0.029864	0.03902
574	10	113	0.066667	0.048387	3	0.024654	0.033757
575	11	147	0.018182	0.012346	1	0.032978	0.045202
