1	0.981933	0.987803	0.969736
1	0.942123	0.891318	0.833442
1	0.906274	1.06843	0.974703
1	0.888943	0.892481	0.781425
1	0.917914	1.00333	0.921241
1	0.837229	1.07448	0.911712
1	0.841016	1.00336	0.844376
1	0.796129	0.947336	0.743465
1	0.775704	1.04625	0.821958
1	0.809592	1.02007	0.829662
1	0.761533	1.21247	0.974001
1	0.709603	1.03717	0.746775
1	0.756103	1.1021	0.858199
1	0.774523	1.07834	0.852864
1	0.70831	0.987216	0.695525
1	0.733078	0.966319	0.699397
1	0.873714	0.931285	0.804999
1	0.783992	1.13084	0.914834
1	0.777145	0.906416	0.683561
1	0.863171	0.732763	0.595934
1	0.866568	0.922726	0.789294
1	0.941406	0.947843	0.889249
1	0.954434	0.798471	0.752905
1	0.960299	1.00504	0.965336
1	1.07925	0.910538	0.989788
1	1.0178	0.998683	1.01648
1	1.04796	0.981532	1.02949
1	0.988177	0.932055	0.920232
1	1.01379	0.992626	1.00641
1	1.10482	1.08582	1.19064
1	1.0693	1.03769	1.107
1	1.06616	0.925073	0.991229
1	1.05446	1.14023	1.19469
1	1.19464	1.08059	1.27523
1	1.18686	0.966477	1.15334
1	1.21104	1.06726	1.2783
1	1.28399	1.12115	1.40514
1	1.20601	1.00465	1.21066
1	1.21274	0.971489	1.18423
1	1.20852	1.11509	1.32361
1	1.23317	0.868572	1.10174
1	1.11267	0.986892	1.09956
1	1.08849	0.952904	1.04139
1	1.03628	1.00723	1.04351
1	1.04677	1.16733	1.21409
1	1.06034	0.998976	1.05932
1	0.994365	0.959439	0.953804
1	0.876588	0.968474	0.845063
1	1.01697	0.939304	0.956278
1	0.968141	0.840367	0.808508
1	0.925942	0.901188	0.82713
1	0.928283	1.07971	1.008
1	0.904882	1.11047	1.01535
1	0.866419	0.867443	0.733862
1	0.891504	0.902825	0.794329
1	0.833322	1.15696	0.990279
1	0.86051	1.01587	0.876384
1	0.892168	0.98381	0.875978
1	0.905877	1.14182	1.04769
1	0.886359	0.800636	0.686995
1	0.801339	1.0568	0.858134
1	0.706975	0.998585	0.70556
1	0.79184	1.05156	0.843401
1	0.88385	0.880246	0.764095
1	0.831016	1.11167	0.942691
1	0.753923	1.05573	0.809657
1	0.832586	0.856428	0.689014
1	0.950939	0.988597	0.939537
1	0.986107	1.0941	1.08021
1	1.01903	0.978116	0.997148
1	1.00177	0.95821	0.95998
1	0.920229	0.895167	0.815397
1	0.935125	0.986515	0.92164
1	1.02229	0.889906	0.912197
1	1.14832	1.07461	1.22293
1	1.06209	0.991756	1.05385
1	1.13162	1.00958	1.1412
1	1.12766	0.993326	1.12098
1	1.21253	1.00188	1.21442
1	1.11155	1.11417	1.22572
1	1.05675	0.984215	1.04097
1	1.12593	1.13277	1.2587
1	1.18672	1.11022	1.29694
1	1.28756	1.04506	1.33261
1	1.27318	1.01326	1.28644
1	1.23085	1.0059	1.23675
1	1.23075	1.01269	1.24344
1	1.16218	0.814756	0.976935
1	1.15804	1.09906	1.2571
1	1.21061	0.977384	1.18799
1	1.19342	1.09301	1.28642
1	1.08012	1.09909	1.17921
1	1.13261	0.92581	1.05842
1	1.16299	1.00426	1.16725
1	1.07673	1.20048	1.27721
1	1.03539	0.987824	1.02322
1	0.985025	1.07758	1.06261
1	1.02304	0.714343	0.737383
1	0.997884	1.13453	1.13242
1	0.9928	0.973557	0.966357
1	0.982812	0.950532	0.933344
1	0.901727	0.958803	0.86053
1	0.886406	0.941981	0.828387
1	0.776313	1.16031	0.936624
1	0.897495	1.09151	0.989009
1	0.878733	1.04912	0.927849
1	0.868764	0.875879	0.744642
1	0.867042	1.05614	0.923186
1	0.849597	1.0552	0.904802
1	0.785028	0.986286	0.771314
1	0.84015	0.907454	0.747604
1	0.864814	0.901103	0.765918
1	0.90441	0.92957	0.83398
1	0.807095	1.09178	0.89887
1	0.905846	0.961662	0.867508
1	0.92355	1.12034	1.04389
1	0.959555	0.964259	0.923814
1	0.94393	0.966259	0.910189
1	0.990455	0.955056	0.945511
1	0.976773	0.972603	0.949376
1	1.06991	1.11978	1.18969
1	1.15628	1.05474	1.21102
1	1.21925	1.06975	1.28899
1	1.09303	1.13222	1.22525
1	1.18121	0.834478	1.01568
1	1.21801	1.08971	1.30772
1	1.17457	1.00702	1.18159
1	1.14378	0.897208	1.04099
1	1.18855	1.1657	1.35425
1	1.15166	1.07182	1.22348
1	1.18146	1.01577	1.19722
1	1.26464	0.98519	1.24983
1	1.25261	0.813342	1.06595
1	1.20157	1.05766	1.25923
1	1.1763	1.24705	1.42335
1	1.15824	1.08004	1.23828
1	1.21293	0.804737	1.01767
1	1.23082	0.895951	1.12677
1	1.22966	0.786644	1.0163
1	1.14322	0.898934	1.04215
1	1.05054	0.984476	1.03502
1	1.11751	0.973394	1.0909
1	1.10133	1.1174	1.21873
1	1.11266	1.09051	1.20317
1	1.02832	1.20389	1.23221
1	1.04883	0.950004	0.998832
1	0.998793	0.8927	0.891493
1	1.05454	1.03242	1.08696
1	0.928594	1.03103	0.959626
1	0.866801	0.787495	0.654296
1	0.897347	0.984566	0.881913
1	0.854149	1.11998	0.974129
1	0.888393	1.15704	1.04543
1	0.875255	0.960469	0.835724
1	0.793942	1.10563	0.899568
1	0.813797	1.08142	0.895215
1	0.727456	1.0247	0.752155
1	0.767516	1.04038	0.807898
1	0.803383	1.00082	0.804205
1	0.906084	0.978048	0.884132
1	0.891116	0.853003	0.74412
1	0.854743	1.02277	0.877514
1	0.826456	1.14456	0.971014
1	0.86418	1.08761	0.951791
1	0.938741	0.91718	0.85592
1	0.972175	0.85794	0.830115
1	0.971808	0.93513	0.906938
1	0.899449	0.968919	0.868368
1	1.00454	0.950395	0.95494
1	1.20119	0.916976	1.11816
1	1.21074	1.22466	1.4354
1	1.14604	0.750527	0.89657
1	1.1144	1.02541	1.13982
1	1.22451	0.973371	1.19788
1	1.25659	0.819305	1.07589
1	1.27038	1.08324	1.35363
1	1.27394	0.998921	1.27286
1	1.19696	0.950915	1.14787
1	1.27619	1.02559	1.30178
1	1.26205	1.16859	1.43064
1	1.26885	0.981505	1.25035
1	1.30167	0.977603	1.27927
1	1.23046	0.905184	1.13565
1	1.21293	1.02893	1.24186
1	1.17551	0.950492	1.126
1	1.16117	0.842319	1.00349
1	1.13066	1.02448	1.15514
1	1.21871	1.03737	1.25608
1	1.1273	1.19818	1.32548
1	1.13627	0.942345	1.07862
1	1.10025	1.02325	1.12351
1	1.03345	0.856224	0.889672
1	1.07443	0.973594	1.04802
1	1.07083	0.874342	0.945174
1	1.01426	1.08935	1.1036
1	1.03532	1.04981	1.08513
1	0.951036	0.924526	0.875562
1	0.967708	1.08139	1.0491
1	0.883564	1.07564	0.959203
1	0.909905	1.08167	0.991572
1	0.894117	0.988074	0.88219
1	0.849368	1.00467	0.854042
1	0.909251	1.06482	0.974068
1	0.797241	0.881794	0.679035
1	0.820022	0.869462	0.689484
1	0.874122	0.936995	0.811118
1	0.925679	0.968916	0.894595
1	0.950449	0.96948	0.919928
1	0.856019	1.04039	0.896411
1	0.875111	1.01457	0.889678
1	0.998831	0.985004	0.983835
1	1.00544	1.00377	1.00921
1	0.905998	0.989903	0.895901
1	0.843096	1.00502	0.848116
1	0.976228	0.925478	0.901706
1	0.960216	1.00329	0.963504
1	1.05765	0.927894	0.985546
1	1.20071	1.05338	1.25409
1	1.22592	0.972928	1.19885
1	1.23349	0.918682	1.15217
1	1.16601	1.08009	1.2461
1	1.24319	0.819761	1.06295
1	1.18081	1.07989	1.2607
1	1.22402	1.10326	1.32728
1	1.2651	0.981789	1.24689
1	1.29348	1.05747	1.35095
1	1.25316	0.842238	1.0954
1	1.16863	0.972693	1.14133
1	1.26148	0.832265	1.09374
1	1.25902	0.937431	1.19645
1	1.3061	1.01444	1.32054
1	1.33251	0.850719	1.18323
1	1.25833	1.04179	1.30012
1	1.30885	1.07183	1.38069
1	1.26785	0.923278	1.19113
1	1.32324	0.77657	1.09981
1	1.25973	0.895911	1.15564
1	1.14598	1.05474	1.20072
1	1.06895	0.836569	0.905515
1	1.06048	1.11359	1.17408
1	1.11953	1.12676	1.24629
1	1.14193	1.00366	1.14559
1	0.98706	1.11216	1.09922
1	1.05786	0.85481	0.912669
1	1.05345	0.848141	0.901593
1	1.02276	1.01049	1.03325
1	0.946253	1.02594	0.972194
1	1.02497	0.948359	0.973325
1	0.899451	0.928066	0.827516
1	0.871032	0.859116	0.730147
1	0.91812	0.98216	0.90028
1	0.889213	0.843607	0.73282
1	0.824459	1.00829	0.832745
1	0.956277	0.957626	0.913904
1	1.00408	1.04303	1.04711
1	0.98584	0.799243	0.785083
1	0.916747	1.04273	0.959477
1	0.944927	0.991176	0.936103
1	0.997552	1.0592	1.05675
1	0.989993	1.01912	1.00912
1	1.05545	1.02966	1.08511
1	1.03025	1.1285	1.15875
1	1.03501	0.929103	0.964114
1	1.12572	0.972519	1.09824
1	1.07099	1.11992	1.19091
1	1.13008	1.10546	1.23554
1	1.2607	0.94536	1.20606
1	1.18141	0.890805	1.07221
1	1.20066	0.962163	1.16282
1	1.21418	0.95116	1.16534
1	1.19417	0.961693	1.15586
1	1.1569	1.00696	1.16385
1	1.23333	0.987903	1.22124
1	1.34688	1.00751	1.35439
1	1.32562	0.987581	1.31321
1	1.26775	1.07597	1.34372
1	1.25579	1.03553	1.29131
1	1.32413	1.11579	1.43992
1	1.33499	0.875588	1.21058
1	1.37611	1.00711	1.38322
1	1.33102	1.10514	1.43616
1	1.31248	1.24877	1.56125
1	1.40255	1.05755	1.4601
1	1.35301	1.19725	1.55026
1	1.20064	1.0787	1.27934
1	1.12689	1.18467	1.31156
1	1.06906	1.01134	1.0804
1	1.10536	0.707533	0.81289
1	1.09408	1.00239	1.09646
1	1.04914	0.949342	0.998486
1	1.0504	1.21489	1.26529
1	0.998261	1.10024	1.0985
1	1.09918	0.992377	1.09155
1	1.02674	1.1557	1.18244
1	0.943579	0.987159	0.930738
1	0.946442	1.19236	1.1388
1	0.981698	0.898298	0.879997
1	1.00484	1.09583	1.10066
1	0.897297	1.02475	0.922048
1	0.901517	0.821493	0.723011
1	0.870074	1.05232	0.922397
1	0.953548	0.857968	0.811516
1	0.881536	1.0317	0.913231
1	0.939118	0.978602	0.917719
1	1.01281	1.05346	1.06628
1	1.00739	1.01858	1.02597
1	0.96923	1.03732	1.00655
1	0.958268	0.930507	0.888775
1	1.03215	1.12205	1.1542
1	1.08115	0.926369	1.00752
1	1.06881	1.07928	1.1481
1	1.11703	0.81665	0.933683
1	1.01937	1.14055	1.15992
1	1.18983	0.996239	1.18607
1	1.20515	0.978383	1.18353
1	1.21727	0.97902	1.19629
1	1.21664	0.879471	1.09611
1	1.26007	0.810323	1.07039
1	1.29999	0.949165	1.24916
1	1.22523	1.01749	1.24272
1	1.27143	0.821622	1.09305
1	1.37511	1.01779	1.39289
1	1.23192	1.12701	1.35893
1	1.22524	1.03537	1.26061
1	1.35301	1.01195	1.36496
1	1.27534	1.06583	1.34117
1	1.37245	0.983257	1.35571
1	1.39981	1.02054	1.42035
1	1.28724	0.964007	1.25125
1	1.31776	1.01845	1.33621
1	1.31396	1.17593	1.4899
1	1.32434	0.916205	1.24054
1	1.2608	1.05704	1.31784
1	1.16761	1.06629	1.23391
1	1.19302	0.99672	1.18974
1	1.08121	1.09613	1.17734
1	1.10411	1.15003	1.25414
1	1.06958	0.90201	0.971588
1	1.09499	0.995708	1.0907
1	1.02797	0.918769	0.94674
1	1.02243	0.892673	0.915106
1	1.01738	1.14133	1.15871
1	0.915865	0.992127	0.907992
1	0.968254	0.629469	0.597723
1	0.959677	0.983348	0.943026
1	0.95544	0.923893	0.879333
1	0.949334	1.0331	0.982434
1	0.902955	0.867173	0.770127
1	0.860114	0.819623	0.679736
1	0.924543	1.11725	1.0418
1	0.955671	0.892199	0.84787
1	0.901143	1.03073	0.931878
1	0.978419	0.955103	0.933521
1	0.965749	1.11408	1.07983
1	0.961218	1.21867	1.17989
1	1.03659	0.969816	1.00641
1	0.946381	0.944833	0.891214
1	1.06399	1.11591	1.1799
1	0.955762	0.910527	0.866289
1	1.1609	0.958251	1.11915
1	1.0507	0.876031	0.926732
1	1.17048	1.11163	1.28211
1	1.02804	1.07367	1.10171
1	1.15482	1.0179	1.17272
1	1.20786	0.827346	1.0352
1	1.22605	1.0121	1.23815
1	1.28623	1.04293	1.32916
1	1.21368	1.1064	1.32009
1	1.36196	0.879857	1.24182
1	1.35811	0.985353	1.34347
1	1.26411	1.1089	1.37302
1	1.2952	1.0613	1.3565
1	1.32626	0.900604	1.22686
1	1.39643	0.882897	1.27933
1	1.25528	0.906145	1.16143
1	1.32512	1.07672	1.40184
1	1.18983	0.934283	1.12411
1	1.25224	0.980471	1.23271
1	1.35881	0.808224	1.16704
1	1.28103	1.16388	1.44492
1	1.23843	0.905923	1.14436
1	1.19672	0.863344	1.06007
1	1.17724	0.902131	1.07937
1	1.0501	1.2369	1.287
1	1.08642	1.10297	1.18938
1	1.05051	1.02712	1.07763
1	1.15149	1.01055	1.16204
1	1.18124	0.860342	1.04158
1	1.08727	1.07807	1.16533
1	0.998077	1.0509	1.04898
1	0.902884	1.12266	1.02554
1	0.934045	1.13712	1.07116
1	0.958903	0.801669	0.760571
1	0.956837	1.03917	0.996011
1	0.987952	0.829658	0.81761
1	0.974902	0.956044	0.930947
1	0.942638	1.0436	0.986237
1	0.862912	0.797414	0.660326
1	0.840281	0.853743	0.694024
1	0.871547	1.05591	0.927456
1	0.999612	1.04661	1.04622
1	0.968433	0.957851	0.926284
1	1.05558	1.15077	1.20636
1	1.02087	1.10825	1.12913
1	1.006	0.949721	0.955722
1	1.07357	1.19476	1.26833
1	1.03434	0.952272	0.986607
1	1.1089	1.01751	1.12641
1	1.10957	0.918287	1.02785
1	1.11056	0.944316	1.05487
1	1.1351	1.02077	1.15587
1	1.27349	1.08762	1.36111
1	1.2474	1.06479	1.31219
1	1.22647	1.17841	1.40488
1	1.34764	0.862227	1.20986
1	1.30664	0.969601	1.27624
1	1.24775	0.90803	1.15578
1	1.34868	0.918152	1.26683
1	1.22606	1.05615	1.28221
1	1.25837	0.997195	1.25557
1	1.38344	1.06696	1.45039
1	1.35968	0.933017	1.2927
1	1.35502	1.00838	1.3634
1	1.31042	1.05251	1.36294
1	1.30228	1.00055	1.30283
1	1.27775	0.890729	1.16848
1	1.27563	0.896059	1.17169
1	1.17349	1.00138	1.17487
1	1.17781	0.894336	1.07214
1	1.25405	1.15753	1.41158
1	1.21257	1.09698	1.30955
1	1.05967	1.04118	1.10085
1	1.13713	0.971902	1.10903
1	1.18808	0.920287	1.10836
1	1.14506	1.06044	1.2055
1	1.05743	1.16363	1.22105
1	1.04856	0.969512	1.01807
1	0.992225	0.96841	0.960635
1	0.935997	1.07488	1.01088
1	1.07171	1.0332	1.1049
1	1.03998	1.12876	1.16874
1	0.91642	0.898	0.814421
1	0.988787	0.932702	0.921488
1	0.922793	1.09023	1.01302
1	0.88311	0.932341	0.815452
1	0.908454	1.05047	0.95892
1	0.940301	0.96432	0.904621
1	0.907408	1.14753	1.05494
1	1.00838	0.985616	0.993992
1	1.01747	1.02642	1.04389
1	1.032	0.937483	0.96948
1	0.986536	1.06398	1.05052
1	0.991429	1.06587	1.0573
1	1.03351	0.981651	1.01516
1	1.06689	0.845139	0.912031
1	1.0247	1.12565	1.15034
1	1.15639	1.05813	1.21452
1	1.13077	0.939686	1.07046
1	1.08513	0.882289	0.967418
1	1.23109	1.15479	1.38588
1	1.12761	1.06176	1.18937
1	1.22515	0.974855	1.2
1	1.33694	1.11451	1.45145
1	1.35249	0.9632	1.31569
1	1.28963	1.09217	1.38181
1	1.40819	0.810325	1.21851
1	1.32745	1.03478	1.36223
1	1.34393	1.03773	1.38165
1	1.41966	0.805955	1.22561
1	1.36795	0.916867	1.28481
1	1.36477	1.01744	1.38221
1	1.36868	1.02988	1.39856
1	1.36108	1.05401	1.41508
1	1.31671	1.13322	1.44993
1	1.26182	0.923903	1.18572
1	1.27051	0.962286	1.23279
1	1.31092	0.973352	1.28428
1	1.32394	1.16248	1.48642
1	1.28549	1.07536	1.36086
1	1.18206	0.891295	1.07335
1	1.12067	0.960974	1.08165
1	1.15277	0.948613	1.10138
1	1.09076	0.941571	1.03233
1	1.13411	1.01299	1.1471
1	1.13044	1.04987	1.18031
1	1.08899	0.854479	0.943466
1	1.07066	0.971081	1.04174
1	1.05255	0.849138	0.901688
1	0.986492	1.00236	0.988852
1	0.983377	1.07569	1.05907
1	0.949107	1.03113	0.980237
1	0.938294	1.10224	1.04053
1	0.938302	1.14911	1.08741
1	0.963979	1.12806	1.09204
1	0.964743	0.898558	0.863301
1	1.00895	1.01613	1.02508
1	1.02057	1.01312	1.03369
1	0.994247	0.888463	0.88271
1	1.00871	0.970216	0.97893
1	1.05583	1.0838	1.13963
1	1.07239	1.05246	1.12485
1	1.08717	0.974495	1.06166
1	1.13245	1.18479	1.31724
1	1.0956	0.951137	1.04673
1	1.03835	0.761109	0.799463
1	1.1538	0.922855	1.07666
1	1.17787	1.15242	1.33029
1	1.22967	0.715948	0.945622
1	1.16127	0.919385	1.08065
1	1.28767	1.16806	1.45574
1	1.26067	0.936104	1.19677
1	1.28942	0.842569	1.13199
1	1.30966	1.08325	1.39291
1	1.34267	1.13921	1.48187
1	1.33895	0.798919	1.13787
1	1.34774	0.991364	1.3391
1	1.36849	0.968646	1.33714
1	1.30616	0.899634	1.20579
1	1.30283	0.887345	1.19017
1	1.32865	0.943778	1.27243
1	1.42915	0.859171	1.28832
1	1.37563	1.02021	1.39585
1	1.31668	1.24494	1.56162
1	1.46019	1.0312	1.49139
1	1.47241	0.957344	1.42976
1	1.31962	1.03603	1.35565
1	1.27554	1.261	1.53654
1	1.20439	1.08667	1.29105
1	1.10016	1.08931	1.18948
1	1.11828	1.04631	1.16459
1	1.07617	1.1192	1.19537
1	1.06176	0.917989	0.979745
1	1.07912	1.12124	1.20035
1	1.02376	0.787456	0.811212
1	0.99294	1.14995	1.14289
1	0.989265	1.15071	1.13997
1	0.96781	0.989236	0.957045
1	0.95868	0.96834	0.927019
1	0.942388	0.971672	0.91406
1	0.934984	0.877766	0.81275
1	0.989001	0.920119	0.90912
1	1.01088	1.13697	1.14785
1	0.918261	0.98394	0.902201
1	0.972196	0.918873	0.891069
1	1.01668	1.06837	1.08505
1	0.984834	0.813286	0.79812
1	0.903137	0.929259	0.832396
1	1.00349	1.00513	1.00862
1	1.00991	1.01237	1.02227
1	1.03295	0.902639	0.935587
1	1.13811	1.11834	1.25645
1	1.14694	1.01685	1.16378
1	1.11902	0.950359	1.06938
1	1.14589	0.921953	1.06785
1	1.18238	0.935298	1.11767
1	1.27361	1.0145	1.28811
1	1.19868	0.996923	1.19561
1	1.31333	1.00635	1.31968
1	1.28473	0.864864	1.1496
1	1.29076	0.968981	1.25974
1	1.26331	1.0763	1.33961
1	1.39979	1.11449	1.51429
1	1.34893	0.907811	1.25674
1	1.26159	1.05099	1.31258
1	1.32407	1.0524	1.37647
1	1.43895	0.899787	1.33874
1	1.45813	0.715315	1.17344
1	1.446	1.15067	1.59666
1	1.4656	0.988079	1.45368
1	1.41249	0.91173	1.32422
1	1.35133	1.08204	1.43337
1	1.47975	1.03262	1.51237
1	1.49582	1.01495	1.51077
1	1.33161	0.904408	1.23602
1	1.22772	1.01219	1.23991
1	1.13144	1.09933	1.23077
1	1.17784	1.07349	1.25133
1	1.14376	0.99782	1.14158
1	1.04244	1.15973	1.20217
1	1.07626	1.03084	1.10709
1	1.06409	0.958824	1.02291
1	1.0733	0.887208	0.960505
1	1.0576	0.970312	1.02792
1	1.03623	1.04643	1.08266
1	0.9866	1.04986	1.03646
1	0.987795	1.08121	1.06901
1	0.959173	0.910713	0.869886
1	0.984077	1.00575	0.989826
1	1.054	0.930445	0.984442
1	0.951872	1.10213	1.054
1	1.00815	1.07161	1.07976
1	1.0208	1.12644	1.14724
1	0.987371	0.98457	0.97194
1	1.01621	0.880909	0.897122
1	1.01029	0.96888	0.979172
1	1.02755	0.884486	0.912036
1	1.03964	0.881035	0.920672
1	1.00478	0.864085	0.868863
1	1.12354	1.11053	1.23407
1	1.18215	0.860951	1.0431
1	1.07383	0.832366	0.906199
1	1.17509	0.993982	1.16907
1	1.20884	0.915482	1.12432
1	1.2041	0.919281	1.12338
1	1.26587	1.11588	1.38175
1	1.26828	1.01622	1.28451
1	1.24077	1.09029	1.33107
1	1.24509	1.01294	1.25803
1	1.35321	1.13761	1.49082
1	1.31758	0.929962	1.24754
1	1.43472	1.06677	1.50149
1	1.3531	1.12552	1.47862
1	1.36903	0.981893	1.35092
1	1.39969	1.03737	1.43706
1	1.32172	1.0585	1.38021
1	1.39724	0.931539	1.32878
1	1.45549	0.990707	1.44619
1	1.43952	0.965109	1.40462
1	1.42729	1.04	1.46729
1	1.36701	0.873403	1.24041
1	1.3368	1.14929	1.48609
1	1.35043	1.02667	1.3771
1	1.21482	1.06475	1.27957
1	1.18098	1.03518	1.21617
1	1.17699	0.99999	1.17698
1	1.08118	1.02072	1.1019
1	1.09837	1.08319	1.18156
1	1.07796	1.10894	1.1869
1	1.12815	0.946201	1.07436
1	1.04007	0.918554	0.958624
1	1.03472	0.980533	1.01525
1	0.991933	1.07943	1.07136
1	0.990818	1.01093	1.00175
1	0.957078	1.09095	1.04802
1	0.959651	0.91278	0.872431
1	0.970331	0.9218	0.892131
1	0.993777	0.942925	0.936701
1	0.955126	0.800859	0.755985
1	0.936245	1.10143	1.03767
1	0.919593	1.0531	0.97269
1	1.00811	1.16426	1.17236
1	0.959914	1.02788	0.987789
1	1.06931	0.94756	1.01687
1	1.06848	1.14548	1.21396
1	1.02004	1.10119	1.12123
1	1.02388	1.12699	1.15088
1	1.07665	0.904792	0.981442
1	1.16064	0.892769	1.05341
1	1.15272	0.993002	1.14572
1	1.17706	1.03686	1.21392
1	1.23628	1.04457	1.28085
1	1.20994	1.12936	1.3393
1	1.26746	0.854043	1.1215
1	1.32488	0.843937	1.16882
1	1.28545	1.17974	1.46519
1	1.35897	1.05338	1.41235
1	1.39295	0.835429	1.22838
1	1.34763	1.04672	1.39435
1	1.37886	1.04001	1.41887
1	1.2852	0.956086	1.24128
1	1.40339	1.05337	1.45676
1	1.35993	0.888937	1.24887
1	1.28742	0.9812	1.26862
1	1.32852	0.933659	1.26218
1	1.40712	0.849548	1.25667
1	1.47337	0.996424	1.46979
1	1.42914	1.07887	1.50801
1	1.33227	0.97046	1.30273
1	1.26786	1.03345	1.3013
1	1.32596	0.995779	1.32174
1	1.27508	0.890254	1.16533
1	1.1822	1.02358	1.20578
1	1.1446	0.915016	1.05961
1	1.10143	0.999966	1.10139
1	1.10692	0.957294	1.06421
1	1.059	0.888595	0.947591
1	1.07824	0.949849	1.02808
1	0.990212	0.933943	0.924154
1	1.02248	0.932937	0.955414
1	1.01404	1.07834	1.09237
1	0.984454	1.08825	1.07271
1	0.950584	1.28751	1.2381
1	0.930393	0.894721	0.825114
1	0.990618	0.822359	0.812976
1	0.937903	1.01348	0.951385
1	0.932814	1.08165	1.01447
1	0.923618	1.12614	1.04976
1	0.94196	0.95904	0.901
1	0.957402	0.947852	0.905254
1	1.03948	1.08892	1.1284
1	1.07554	1.02438	1.09993
1	1.08155	0.943944	1.02549
1	0.98775	0.950118	0.937869
1	1.05889	0.956087	1.01498
1	1.09955	1.03186	1.1314
1	1.11325	0.974081	1.08733
1	1.1717	0.979374	1.15108
1	1.13252	0.966631	1.09915
1	1.2349	1.11042	1.34532
1	1.30645	1.00512	1.31157
1	1.25473	1.01704	1.27177
1	1.26168	1.00339	1.26506
1	1.28026	1.0542	1.33446
1	1.29572	1.09385	1.38957
1	1.36395	0.867534	1.23149
1	1.37275	1.16407	1.53682
1	1.44435	0.928165	1.37251
1	1.39325	0.74178	1.13503
1	1.34171	0.941209	1.28292
1	1.27499	1.08985	1.36484
1	1.31185	0.741303	1.05315
1	1.40691	0.906113	1.31303
1	1.43428	1.20697	1.64125
1	1.42177	0.952905	1.37468
1	1.39319	1.19009	1.58329
1	1.43134	1.07066	1.502
1	1.30552	0.870097	1.17561
1	1.34596	1.0899	1.43586
1	1.20154	0.930539	1.13208
1	1.22115	0.919542	1.14069
1	1.1327	0.980815	1.11351
1	1.15698	1.17043	1.32741
1	1.14227	0.986371	1.12864
1	1.13498	1.02312	1.15811
1	1.10344	0.972059	1.0755
1	1.09925	1.19705	1.2963
1	1.07097	1.12648	1.19745
1	1.0663	1.00241	1.06872
1	0.965405	1.13798	1.10339
1	0.938243	0.947221	0.885464
1	0.961566	1.21182	1.17338
1	0.952139	0.929268	0.881407
1	0.95514	0.912395	0.867535
1	0.951085	1.09304	1.04413
1	0.887672	1.05196	0.939632
1	0.916185	0.942281	0.858466
1	0.943495	1.11148	1.05498
1	1.01292	0.958344	0.971268
1	0.975435	1.05082	1.02625
1	1.01281	0.961841	0.974652
1	0.990354	0.949815	0.940169
1	1.01113	1.15206	1.16319
1	1.06997	0.828839	0.898812
1	1.08153	0.880519	0.962048
1	1.19402	1.05341	1.24743
1	1.19325	0.951127	1.14437
1	1.14994	0.991751	1.14169
1	1.27807	1.04621	1.32428
1	1.27145	0.939578	1.21103
1	1.21363	1.1601	1.37373
1	1.27524	1.01152	1.28676
1	1.22138	1.00244	1.22382
1	1.35738	0.888373	1.24575
1	1.4438	1.07543	1.51923
1	1.39295	0.914673	1.30762
1	1.29341	1.04357	1.33698
1	1.29462	0.928853	1.22347
1	1.25287	1.01649	1.26936
1	1.37258	1.06544	1.43802
1	1.32261	0.916432	1.23904
1	1.44641	1.05344	1.49986
1	1.48465	0.95516	1.43981
1	1.5	0.928498	1.4285
1	1.42911	0.912259	1.34137
1	1.3363	1.03977	1.37607
1	1.26617	1.10875	1.37492
1	1.18722	1.17362	1.36084
1	1.17555	0.967418	1.14297
1	1.11464	0.91147	1.02611
1	1.15561	0.980599	1.13621
1	1.14953	0.845567	0.995096
1	1.17297	0.961483	1.13445
1	1.1324	1.07253	1.20494
1	1.07388	1.21422	1.2881
1	1.12249	0.792453	0.914939
1	1.00587	0.961882	0.967753
1	1.05859	0.954907	1.01349
1	0.968534	1.07205	1.04058
1	0.940704	1.07194	1.01264
1	0.939077	1.03949	0.97857
1	0.926202	1.01296	0.939158
1	0.955241	0.866794	0.822036
1	0.971611	0.908162	0.879773
1	0.97523	1.07817	1.0534
1	1.02269	1.06674	1.08943
1	1.00219	0.945694	0.947881
1	0.974239	0.778443	0.752682
1	0.958821	0.981192	0.940013
1	0.978482	0.949601	0.928082
1	0.960969	0.910996	0.871966
1	1.01794	1.1188	1.13674
1	1.14839	1.03308	1.18147
1	1.13124	1.0391	1.17034
1	1.17934	0.862561	1.0419
1	1.21035	0.952687	1.16304
1	1.25396	0.915209	1.16917
1	1.25343	0.964456	1.21789
1	1.22411	0.989957	1.21407
1	1.32323	0.917178	1.24041
1	1.28182	1.04741	1.32923
1	1.3537	1.1809	1.5346
1	1.31856	1.06266	1.38122
1	1.3461	0.877034	1.22314
1	1.40721	0.985035	1.39225
1	1.22543	1.1951	1.42053
1	1.2673	1.16374	1.43104
1	1.31125	1.00837	1.31962
1	1.33307	1.17668	1.50976
1	1.42389	1.25207	1.67596
1	1.48019	0.925354	1.40555
1	1.42887	0.912143	1.34102
1	1.4452	1.12804	1.57324
1	1.28174	0.884424	1.16616
1	1.27043	0.968883	1.23931
1	1.207	1.09618	1.30319
1	1.13873	0.951953	1.09068
1	1.06615	0.932212	0.998358
1	1.0396	0.99099	1.03059
1	1.12559	0.882348	1.00794
1	1.14118	1.05831	1.1995
1	1.15072	0.898807	1.04953
1	1.05005	1.14371	1.19376
1	1.02957	1.01856	1.04813
1	0.934933	0.977706	0.912639
1	0.965848	1.17054	1.13638
1	1.02432	1.0297	1.05402
1	0.964175	1.17979	1.14396
1	0.871497	1.04319	0.914686
1	0.873506	1.09679	0.970297
1	0.893565	1.10417	0.997734
1	0.844187	0.882266	0.726454
1	0.81192	0.956061	0.767981
1	0.941234	1.10884	1.05007
1	0.987079	0.893542	0.880621
1	1.0198	0.866878	0.886677
1	0.983006	0.995958	0.978964
1	0.983369	1.01638	0.99975
1	1.03649	0.84264	0.879132
1	1.07665	1.12682	1.20347
1	1.09131	0.883017	0.974326
1	1.1953	1.12109	1.3164
1	1.19009	1.0365	1.22659
1	1.21402	0.949198	1.16322
1	1.24949	0.971557	1.22104
1	1.1898	1.06465	1.25445
1	1.27941	1.06134	1.34075
1	1.27914	1.00209	1.28124
1	1.28378	0.992033	1.27581
1	1.38538	0.88831	1.27369
1	1.34418	0.882935	1.22711
1	1.40647	1.05889	1.46536
1	1.37886	1.07808	1.45694
1	1.34346	0.961205	1.30467
1	1.36209	0.921861	1.28395
1	1.3164	1.09251	1.40891
1	1.29569	1.0284	1.32409
1	1.38946	1.12047	1.50993
1	1.33234	0.951211	1.28355
1	1.43471	0.946213	1.38093
1	1.43498	1.0182	1.45319
1	1.41489	0.828226	1.24312
1	1.17516	1.09356	1.26872
1	1.23497	0.933746	1.16872
1	1.04214	0.951583	0.993721
1	1.09114	0.962861	1.054
1	1.02561	1.01863	1.04425
1	1.05808	0.942611	1.00069
1	1.05636	0.931232	0.987596
1	1.03711	0.944827	0.981939
1	1.00497	0.891059	0.896033
1	1.00423	1.05504	1.05927
1	0.996992	1.02081	1.0178
1	0.870124	1.0616	0.931725
1	0.971414	1.11659	1.088
1	0.939916	0.943008	0.882924
1	0.948506	0.925163	0.87367
1	0.948404	0.998483	0.946886
1	0.886647	0.955655	0.842302
1	0.86239	0.974756	0.837146
1	0.912761	1.03025	0.943012
1	0.927805	1.06329	0.991099
1	0.959679	0.945408	0.905087
1	0.917563	0.867617	0.78518
1	0.931662	1.01826	0.949921
1	1.01044	0.968677	0.979116
1	1.09872	1.05591	1.15463
1	1.04748	1.13459	1.18207
1	1.12749	0.896753	1.02425
1	1.13341	0.809667	0.943076
1	1.03127	1.09034	1.12161
1	1.15118	0.900304	1.05148
1	1.1607	0.882805	1.0435
1	1.23116	1.05169	1.28284
1	1.20718	1.01935	1.22654
1	1.25365	0.935323	1.18897
1	1.31009	1.09913	1.40923
1	1.28252	0.95802	1.24054
1	1.40882	0.983135	1.39196
1	1.48456	1.0073	1.49186
1	1.34917	0.859768	1.20894
1	1.26896	1.22274	1.4917
1	1.26954	1.08568	1.35523
1	1.36232	0.953029	1.31535
1	1.29925	0.955836	1.25508
1	1.35613	0.98349	1.33962
1	1.27201	1.06899	1.341
1	1.36208	1.05547	1.41755
1	1.31298	0.944021	1.257
1	1.31753	1.02736	1.34489
1	1.25073	1.12506	1.37579
1	1.20806	1.08037	1.28843
1	1.12088	1.12286	1.24373
1	1.04238	0.868425	0.910803
1	1.02012	1.00276	1.02288
1	1.03566	0.966775	1.00243
1	1.0636	0.830113	0.893716
1	0.966418	1.25205	1.21847
1	0.984165	1.04119	1.02536
1	0.994292	0.920443	0.914735
1	0.902747	1.12552	1.02827
1	0.997838	1.01415	1.01199
1	0.978444	0.980974	0.959418
1	0.967246	0.900398	0.867643
1	0.976609	0.966842	0.943451
1	0.91418	1.06202	0.976196
1	0.797642	1.16622	0.963857
1	0.821615	0.982716	0.804332
1	0.934341	0.939379	0.873721
1	1.04559	1.03556	1.08115
1	0.89483	0.908168	0.802998
1	0.961571	0.873132	0.834703
1	0.9561	1.13262	1.08872
1	0.950469	0.90791	0.858379
1	1.07785	0.996222	1.07407
1	1.08244	0.977442	1.05989
1	1.09926	0.894728	0.993988
1	1.10319	1.04592	1.14911
1	1.14613	0.840974	0.987101
1	1.10453	0.960796	1.06533
1	1.20234	0.964505	1.16685
1	1.24961	0.916355	1.16597
1	1.16918	1.02089	1.19008
1	1.15398	1.06361	1.21759
1	1.34653	0.976099	1.32262
1	1.3273	1.03811	1.36541
1	1.42121	1.1318	1.553
1	1.40123	1.00722	1.40846
1	1.31366	1.13703	1.45068
1	1.34187	0.885838	1.22771
1	1.36497	1.15562	1.52059
1	1.43997	1.02637	1.46633
1	1.34964	0.86488	1.21452
1	1.34476	0.895072	1.23983
1	1.37896	1.0897	1.46866
1	1.40775	0.907794	1.31554
1	1.29617	0.926755	1.22292
1	1.2662	0.809194	1.07539
1	1.10865	1.00773	1.11639
1	1.10329	1.05445	1.15774
1	1.11386	1.09358	1.20744
1	1.07139	0.941708	1.0131
1	1.00111	0.952623	0.953737
1	0.981861	0.949684	0.931544
1	1.05348	1.02397	1.07746
1	1.0187	0.965575	0.984276
1	0.995728	0.951726	0.947454
1	1.03904	0.964061	1.0031
1	1.01922	1.09785	1.11707
1	0.945304	1.06296	1.00827
1	0.891422	0.900765	0.792187
1	0.988944	0.932471	0.921416
1	0.964254	0.94346	0.907714
1	0.871576	0.90383	0.775406
1	0.85443	0.947211	0.801641
1	0.930225	1.05385	0.984078
1	0.985764	1.01769	1.00345
1	1.00157	0.969625	0.971191
1	0.902083	1.14753	1.04962
1	0.952134	0.962827	0.914961
1	0.940034	0.913944	0.853978
1	1.04793	1.13827	1.1862
1	1.02879	0.917972	0.94676
1	1.02741	1.04821	1.07562
1	1.08684	1.03598	1.12282
1	1.17867	1.18265	1.36132
1	1.17594	0.906394	1.08233
1	1.09721	0.95047	1.04768
1	1.13721	1.22897	1.36618
1	1.19406	0.924036	1.1181
1	1.24739	1.08674	1.33413
1	1.18734	1.01347	1.20081
1	1.3035	0.916062	1.21956
1	1.33177	0.921503	1.25327
1	1.31278	0.95679	1.26957
1	1.30553	1.09564	1.40117
1	1.432	1.08329	1.51529
1	1.38767	1.01799	1.40566
1	1.27635	0.958999	1.23535
1	1.41541	0.996895	1.4123
1	1.38466	0.956151	1.34081
1	1.41544	0.862769	1.27821
1	1.45486	0.958936	1.4138
1	1.33549	0.960293	1.29579
1	1.31468	1.04229	1.35697
1	1.28178	0.986217	1.268
1	1.13182	1.13329	1.26511
1	1.13806	0.837902	0.975966
1	1.00353	0.901759	0.905287
1	1.05291	1.00232	1.05524
1	0.921932	1.08853	1.01047
1	1.08277	0.625084	0.707855
1	1.0719	1.12245	1.19435
1	1.05219	1.04932	1.10151
1	0.999637	0.972592	0.972228
1	0.963224	0.810052	0.773276
1	0.871477	1.0343	0.905782
1	0.859777	1.03939	0.899163
1	0.861418	0.988583	0.850001
1	0.977725	1.09388	1.0716
1	0.949169	1.17895	1.12812
1	0.933732	0.769359	0.703092
1	0.830652	1.03053	0.861186
1	0.826723	0.940419	0.767142
1	0.872089	1.00503	0.877122
1	0.857941	1.01781	0.875753
1	0.886171	0.911342	0.797512
1	0.899181	1.11052	1.0097
1	0.910001	1.04953	0.959529
1	0.947352	0.892905	0.840257
1	0.952249	1.04329	0.995539
1	1.02748	1.08249	1.10997
1	1.0317	1.1183	1.15
1	1.11021	1.01977	1.12998
1	1.1001	1.01098	1.11108
1	1.14098	0.982728	1.12371
1	1.13028	0.94472	1.075
1	1.12712	0.944688	1.0718
1	1.16757	0.92381	1.09138
1	1.1324	0.91845	1.05085
1	1.17447	1.27163	1.44609
1	1.23828	1.09196	1.33024
1	1.27545	1.05854	1.33399
1	1.29373	0.834082	1.12781
1	1.27801	1.08617	1.36418
1	1.3615	0.939742	1.30125
1	1.38924	1.06717	1.45641
1	1.35668	0.916828	1.2735
1	1.37555	0.934816	1.31036
1	1.38551	1.10635	1.49186
1	1.36222	1.17865	1.54087
1	1.38278	0.858983	1.24176
1	1.30597	0.965112	1.27109
1	1.15047	0.986524	1.137
1	1.1202	1.04175	1.16195
1	1.11676	0.965347	1.08211
1	1.0768	0.954545	1.03134
1	1.02817	1.04087	1.06904
1	1.04532	0.918666	0.963984
1	0.981766	0.903361	0.885126
1	0.959077	1.0883	1.04738
1	0.993144	0.846727	0.839871
1	0.892878	1.12326	1.01614
1	0.82944	0.903076	0.732516
1	0.814292	0.961245	0.775537
1	0.844685	1.1127	0.957383
1	0.90412	1.00649	0.910605
1	0.941401	0.974415	0.915815
1	0.931514	1.07762	1.00914
1	0.848272	1.07144	0.919709
1	0.816237	1.01379	0.830027
1	0.841137	1.03564	0.87678
1	0.889014	0.900598	0.789612
1	0.909519	1.02991	0.939434
1	0.959829	1.09884	1.05867
1	0.898361	0.776486	0.674847
1	0.922451	1.0469	0.969351
1	0.945538	0.81903	0.764568
1	0.902219	1.04433	0.946552
1	0.986177	0.871382	0.857559
1	0.990481	1.03189	1.02238
1	1.06047	1.02715	1.08762
1	1.05346	1.15194	1.2054
1	1.07153	1.14985	1.22138
1	1.11313	0.99211	1.10524
1	1.11871	0.911657	1.03037
1	1.14649	1.12134	1.26784
1	1.16865	1.06998	1.23863
1	1.20517	0.941637	1.1468
1	1.19639	0.929622	1.12601
1	1.08639	0.936291	1.02268
1	1.14097	0.777668	0.918642
1	1.23805	1.04503	1.28308
1	1.35346	0.962648	1.31611
1	1.269	0.827003	1.09601
1	1.38563	1.07592	1.46156
1	1.28895	0.999336	1.28828
1	1.27799	0.83133	1.10932
1	1.30744	0.96017	1.26761
1	1.3295	1.03603	1.36554
1	1.2706	0.822355	1.09296
1	1.16761	0.894505	1.06211
1	1.15045	1.03471	1.18516
1	1.17571	0.845175	1.02089
1	1.08861	1.1456	1.23422
1	1.00963	1.17038	1.18001
1	1.00494	0.965093	0.97003
1	0.938803	0.954451	0.893254
1	0.945089	1.01056	0.95565
1	0.968575	0.937903	0.906478
1	0.883958	0.950146	0.834103
1	0.973007	0.997306	0.970313
1	0.845211	0.923552	0.768763
1	0.880041	0.917178	0.797218
1	0.862729	1.04232	0.905047
1	0.850162	0.983128	0.83329
1	0.895112	1.02551	0.920618
1	0.769527	0.92073	0.690257
1	0.767768	0.929085	0.696853
1	0.806201	0.880884	0.687085
1	0.849412	1.06642	0.915833
1	0.909732	1.04183	0.951564
1	0.954232	1.07914	1.03338
1	0.91529	0.912024	0.827314
1	1.01763	0.936055	0.953682
1	0.828912	1.02263	0.851537
1	0.936585	1.08227	1.01886
1	1.00931	1.02945	1.03876
1	0.9684	1.08093	1.04933
1	1.01038	1.00586	1.01624
1	1.02398	1.11363	1.13761
1	0.970136	0.979394	0.949531
1	1.0253	0.999406	1.02471
1	1.13148	1.01985	1.15133
1	1.09318	0.876396	0.969574
1	1.07961	0.888913	0.968521
1	1.06804	1.09203	1.16007
1	1.20103	0.852786	1.05381
1	1.26709	0.956169	1.22326
1	1.11876	0.910157	1.02891
1	1.28239	0.98227	1.26466
1	1.31857	0.867929	1.1865
1	1.2732	0.762868	1.03607
1	1.29393	1.13131	1.42523
1	1.24473	1.0675	1.31223
1	1.28353	1.16397	1.4475
1	1.34778	0.808276	1.15605
1	1.20404	1.19841	1.40244
1	1.27134	0.870674	1.14202
1	1.12611	0.843553	0.969667
1	1.09785	0.98553	1.08338
1	1.15827	1.04136	1.19963
1	1.11301	1.00128	1.11429
1	1.09075	1.18242	1.27317
1	0.942225	0.919996	0.862221
1	0.936367	1.05917	0.995534
1	0.91449	0.936483	0.850973
1	0.98792	0.960911	0.948831
1	0.907878	0.966342	0.87422
1	0.945253	0.990802	0.936055
1	0.853594	1.1754	1.02899
1	0.836195	0.922843	0.759038
1	0.800614	1.03102	0.831629
1	0.970942	0.970307	0.941249
1	0.887917	1.14755	1.03547
1	0.807427	1.03026	0.83769
1	0.854239	0.888635	0.742873
1	0.811766	1.03484	0.846607
1	0.794946	1.11415	0.909096
1	0.837101	0.994239	0.831341
1	0.939434	0.85749	0.796924
1	0.901026	0.925024	0.82605
1	0.957591	1.16506	1.12265
1	0.92983	1.01086	0.940688
1	0.894423	1.07813	0.972558
1	0.914216	1.30005	1.21426
1	0.978578	0.873651	0.852229
1	0.998384	0.886775	0.885158
1	1.03292	1.03098	1.0639
1	0.958662	0.932419	0.89108
1	1.04262	1.15877	1.20139
1	1.12007	1.10997	1.23004
1	1.21181	0.952545	1.16436
1	1.18345	0.888525	1.07198
1	1.18819	0.875662	1.06386
1	1.26099	0.870733	1.13172
1	1.31712	1.14441	1.46153
1	1.22055	1.12441	1.34496
1	1.25096	1.19805	1.44901
1	1.25945	1.18249	1.44194
1	1.23328	0.885963	1.11924
1	1.19847	0.894681	1.09315
1	1.25325	1.08128	1.33454
1	1.18965	1.04577	1.23542
1	1.27736	1.10399	1.38135
1	1.21938	0.911813	1.13119
1	1.17088	1.12259	1.29347
1	1.08717	1.00895	1.09612
1	1.06409	1.04526	1.10935
1	1.15694	1.00498	1.16192
1	1.04119	0.956157	0.997344
1	1.09953	0.997777	1.09731
1	1.05043	0.813639	0.864072
1	0.952244	0.956554	0.908797
1	0.937566	1.15422	1.09179
1	0.956162	0.99843	0.954592
1	0.933419	0.983573	0.916992
1	0.832833	1.18894	1.02177
1	0.85593	0.933512	0.789442
1	0.871483	0.782931	0.654413
1	0.754395	1.12192	0.876318
1	0.849192	0.811233	0.660425
1	0.740343	0.996003	0.736346
1	0.753756	0.960675	0.714431
1	0.762744	1.08611	0.848851
1	0.729044	1.06044	0.789485
1	0.756858	1.04461	0.801468
1	0.855982	1.02806	0.884039
1	0.952021	0.847174	0.799195
1	0.857443	0.999048	0.856491
1	0.966169	1.0778	1.04397
1	0.837871	1.13002	0.967887
1	0.930528	0.930101	0.860629
1	0.914058	0.940744	0.854802
1	0.978693	1.18798	1.16667
1	1.01348	1.17278	1.18626
1	0.966294	1.04129	1.00759
1	1.03418	1.09871	1.13289
1	1.03431	1.0692	1.10351
1	1.07605	1.03574	1.11178
1	1.1547	1.04417	1.19887
1	1.11172	1.03895	1.15067
1	1.16441	0.682668	0.847073
1	1.17001	0.963001	1.13302
1	1.25807	1.0009	1.25897
1	1.16605	1.06954	1.23559
1	1.19497	0.989484	1.18446
1	1.06961	0.996891	1.0665
1	1.14892	1.15274	1.30166
1	1.18277	1.00819	1.19096
1	1.19478	1.18711	1.38189
1	1.17944	0.978758	1.1582
1	1.24854	0.932674	1.18122
1	1.19532	0.888875	1.0842
1	1.18162	0.956422	1.13804
1	1.07664	1.15229	1.22893
1	0.971079	0.847807	0.818886
1	1.09215	0.979007	1.07115
1	1.17623	0.861523	1.03776
1	1.02738	1.12996	1.15735
1	0.921645	0.934132	0.855777
1	0.911656	1.02914	0.940796
1	0.94227	0.938929	0.881199
1	0.852653	0.94004	0.792693
1	0.887709	0.948119	0.835828
1	0.841528	0.940821	0.782349
1	0.772766	1.07255	0.845315
1	0.847028	0.837617	0.684645
1	0.749412	1.04682	0.796228
1	0.75597	0.93573	0.691699
1	0.800952	0.992305	0.793258
1	0.744168	1.02268	0.766851
1	0.783152	1.07181	0.854962
1	0.790665	0.99613	0.786795
1	0.724312	1.01256	0.736876
1	0.729695	1.13718	0.866877
1	0.854293	1.0713	0.925595
1	0.860685	0.989737	0.850423
1	0.84213	0.830633	0.672763
1	0.805209	0.997322	0.802531
1	0.85454	0.884043	0.738582
1	0.918971	1.16731	1.08629
1	0.999597	1.05483	1.05443
1	0.933011	1.07393	1.00694
1	0.904444	1.08784	0.992281
1	0.957229	1.12593	1.08316
1	1.00194	0.964158	0.966097
1	1.02741	1.25183	1.27924
1	1.06355	1.07051	1.13406
1	1.1397	0.909955	1.04966
1	1.11044	1.09309	1.20353
1	1.12763	0.951252	1.07888
1	1.08993	1.15792	1.24785
1	1.07158	0.885531	0.957111
1	1.103	1.0995	1.2025
1	1.04695	1.07782	1.12477
1	1.12742	0.879199	1.00662
1	1.14746	0.998556	1.14601
1	1.17457	0.960993	1.13557
1	1.10546	0.975071	1.08053
1	1.26185	0.901814	1.16366
1	1.10085	0.79204	0.892893
1	1.09498	0.977812	1.07279
1	1.14896	0.987637	1.1366
1	1.04709	0.944222	0.991309
1	1.084	0.873078	0.95708
1	1.11598	1.19382	1.3098
1	0.872951	0.910903	0.783853
1	0.84514	0.98373	0.828869
1	0.906418	1.26201	1.16843
1	0.811612	0.908929	0.720541
1	0.850162	0.979558	0.82972
1	0.784613	0.928425	0.713039
1	0.715595	0.884395	0.59999
1	0.749113	1.05138	0.80049
1	0.738567	1.01329	0.751858
1	0.757471	0.936347	0.693818
1	0.80051	1.00772	0.808234
1	0.715041	1.00945	0.72449
1	0.706161	0.957542	0.663703
1	0.688207	1.03513	0.723339
1	0.815868	0.931615	0.747483
1	0.843097	0.897286	0.740384
1	0.760006	1.03632	0.796329
1	0.818345	1.0084	0.826741
1	0.878225	1.02981	0.90803
1	0.812468	1.04412	0.856591
1	0.805813	0.957939	0.763751
1	0.956568	0.859046	0.815613
1	0.908291	0.985837	0.894128
1	0.919496	0.907031	0.826527
1	0.907513	1.06838	0.975896
1	0.935627	1.07008	1.0057
1	0.904069	0.922347	0.826416
1	1.02663	1.01127	1.0379
1	1.04349	1.05432	1.09781
1	1.03022	0.840238	0.870462
1	1.05354	1.06848	1.12202
1	1.10269	1.02308	1.12577
1	1.06263	1.00597	1.0686
1	1.10794	1.1605	1.26844
1	1.18531	1.0071	1.19241
1	1.15936	1.05937	1.21872
1	1.18832	0.982488	1.17081
1	1.21668	1.0816	1.29828
1	1.16924	1.16931	1.33855
1	1.15685	0.967284	1.12414
1	1.1128	1.05205	1.16485
1	1.18267	1.12518	1.30785
1	1.11218	1.18931	1.30149
1	1.13947	1.05141	1.19088
1	1.15026	1.05752	1.20778
1	1.08385	1.14726	1.23111
1	1.08349	0.950677	1.03416
1	1.05323	1.05508	1.10831
1	0.910247	0.970352	0.880599
1	0.943972	1.0612	1.00517
1	0.92452	0.959948	0.884468
1	0.81306	0.800021	0.613082
1	0.771681	1.02608	0.79776
1	0.713924	0.970738	0.684661
1	0.706532	1.06501	0.771537
1	0.6815	0.960953	0.642453
1	0.723579	0.933322	0.656901
1	0.730963	1.07243	0.803396
1	0.675471	1.07898	0.754455
1	0.694281	1.01301	0.707286
1	0.780202	1.10884	0.889043
1	0.649066	1.04276	0.691824
1	0.760364	1.14474	0.905101
1	0.808408	1.03401	0.842413
1	0.769918	1.22614	0.996062
1	0.733768	1.0452	0.778969
1	0.790929	0.986555	0.777484
1	0.846102	0.933411	0.779513
1	0.823022	0.882351	0.705373
1	0.760587	1.13851	0.899096
1	0.808639	1.23351	1.04215
1	0.926476	1.01754	0.944019
1	0.958241	0.990796	0.949037
1	0.953969	1.06082	1.01479
1	0.98607	1.00194	0.988014
1	1.01715	0.995887	1.01304
1	1.06213	1.03307	1.0952
1	1.06486	0.958042	1.0229
1	1.04486	0.855534	0.900399
1	1.09876	0.976058	1.07482
1	1.10777	1.13839	1.24616
1	1.14666	0.980094	1.12676
1	1.15265	0.840348	0.992999
1	1.12925	0.888117	1.01736
1	1.17517	1.05774	1.23291
1	1.1325	0.946275	1.07877
1	1.18551	0.828998	1.01451
1	1.16097	0.949237	1.1102
1	1.09372	1.02142	1.11513
1	1.08381	0.773441	0.857254
1	1.08894	1.09745	1.18638
1	1.02362	0.95357	0.977188
1	0.999824	0.771707	0.771531
1	1.06532	1.06978	1.1351
1	1.01678	1.0415	1.05828
1	0.951433	0.83334	0.784773
1	0.960926	1.06989	1.03082
1	0.925039	0.941609	0.866648
1	0.875277	0.974758	0.850035
1	0.868727	1.1224	0.991132
1	0.823813	0.916469	0.740282
1	0.789877	1.07134	0.861214
1	0.810023	1.10272	0.912746
1	0.714753	1.02462	0.739378
1	0.71901	0.94546	0.66447
1	0.781584	1.18924	0.970824
1	0.73761	1.02756	0.76517
1	0.748554	0.872933	0.621488
1	0.603353	0.860959	0.464312
1	0.703181	0.756767	0.459948
1	0.707817	0.81602	0.523838
1	0.718721	0.917049	0.63577
1	0.671862	1.06976	0.741627
1	0.638117	0.98082	0.618938
1	0.733182	1.03926	0.77244
1	0.80322	1.16872	0.971936
1	0.744197	0.972787	0.716984
1	0.747067	1.03242	0.779484
1	0.776288	0.964106	0.740394
1	0.883544	1.04775	0.931291
1	0.895108	1.00927	0.904379
1	0.96741	1.08259	1.05
1	0.939691	1.08883	1.02852
1	0.990344	0.93431	0.924653
1	1.00898	0.903602	0.91258
1	1.02341	0.928492	0.9519
1	1.06389	1.2367	1.30059
1	1.05611	1.0812	1.13731
1	1.1175	1.23755	1.35505
1	1.08647	0.849026	0.935498
1	1.11515	0.97098	1.08613
1	1.17701	1.15024	1.32725
1	1.14056	0.826082	0.966644
1	1.08689	1.05666	1.14355
1	1.14389	1.00554	1.14943
1	1.09053	0.930236	1.02076
1	1.09168	1.01868	1.11036
1	1.10707	1.12148	1.22856
1	1.00383	1.05675	1.06058
1	0.950538	0.965709	0.916247
1	0.880885	1.03605	0.916938
1	0.993959	1.11704	1.111
1	0.984225	1.00182	0.986048
1	0.94518	1.10336	1.04854
1	0.937539	1.0923	1.02984
1	0.975914	0.92425	0.900164
1	0.926941	0.951645	0.878586
1	0.837967	0.893759	0.731726
1	0.731479	0.89908	0.630558
1	0.72058	1.02823	0.748805
1	0.884258	0.869465	0.753723
1	0.650228	0.947823	0.598051
1	0.64589	1.02891	0.674798
1	0.561228	1.02557	0.586798
1	0.629032	0.972884	0.601916
1	0.597582	1.06335	0.660935
1	0.586261	1.0085	0.594762
1	0.737169	0.976842	0.714011
1	0.715627	1.07735	0.792974
1	0.754564	0.957975	0.712539
1	0.711112	0.993169	0.704281
1	0.791053	0.91488	0.705933
1	0.702983	0.999793	0.702777
1	0.760649	1.04237	0.803018
1	0.768748	0.905209	0.673956
1	0.788526	1.16694	0.955468
1	0.9544	1.04304	0.997438
1	0.853964	0.94653	0.800494
1	0.902919	0.84181	0.744728
1	0.90006	1.02109	0.921148
1	0.946155	1.00017	0.946321
1	0.928161	0.924466	0.852627
1	0.954783	0.993349	0.948132
1	1.07827	0.941472	1.01974
1	1.01117	1.04083	1.052
1	1.09237	0.883396	0.975767
1	1.15907	1.20601	1.36508
1	1.12639	1.02821	1.1546
1	1.04742	1.18359	1.23101
1	1.10814	1.03362	1.14176
1	1.05541	1.06435	1.11976
1	1.10284	0.975811	1.07865
1	1.02105	1.01637	1.03742
1	1.04487	1.00155	1.04642
1	1.02344	0.920838	0.944279
1	0.97276	1.10272	1.07548
1	0.995564	0.960953	0.956516
1	0.925011	1.04774	0.972751
1	0.894885	1.04269	0.937574
1	0.951006	0.90243	0.853436
1	0.963284	1.17198	1.13527
1	0.915121	0.962318	0.877439
1	0.918279	0.979793	0.898073
1	0.883403	0.826721	0.710123
1	0.808364	1.16897	0.977334
1	0.907365	1.16553	1.07289
1	0.831702	1.03197	0.863674
1	0.795417	0.932039	0.727456
1	0.823984	1.06007	0.884052
1	0.695987	1.04161	0.737595
1	0.728094	0.910539	0.638633
1	0.611041	1.09492	0.705963
1	0.633451	0.795352	0.428803
1	0.6257	0.985039	0.610739
1	0.639433	1.10792	0.747357
1	0.630073	0.809483	0.439556
1	0.695222	0.964027	0.659249
1	0.64651	1.12528	0.771786
1	0.732035	1.08064	0.812679
1	0.660111	0.877066	0.537177
1	0.624658	0.995763	0.620421
1	0.696969	0.923037	0.620006
1	0.71718	0.960045	0.677225
1	0.800278	1.09869	0.898969
1	0.86257	1.16668	1.02925
1	0.979417	0.84074	0.820158
1	0.953362	1.03448	0.987839
1	0.895501	0.958821	0.854322
1	0.857067	1.03904	0.896109
1	0.93528	0.881562	0.816843
1	0.979057	1.03285	1.01191
1	0.99126	1.06133	1.05259
1	1.07115	1.01685	1.088
1	1.10269	0.972673	1.07536
1	1.05679	0.985712	1.04251
1	1.01547	1.05281	1.06828
1	1.12409	0.837997	0.962085
1	1.11263	0.81411	0.92674
1	1.02756	0.993471	1.02103
1	1.0264	0.939591	0.965987
1	1.03455	1.0266	1.06116
1	1.02754	0.96167	0.98921
1	1.08081	1.0111	1.09191
1	1.06023	1.14913	1.20936
1	0.919889	1.09896	1.01885
1	0.98018	1.18932	1.1695
1	0.908948	1.17499	1.08393
1	0.888772	0.980472	0.869244
1	0.892314	0.982185	0.8745
1	0.900119	0.988381	0.8885
1	0.847211	0.862645	0.709856
1	0.802238	0.876385	0.678623
1	0.943748	0.847425	0.791172
1	0.847289	0.983088	0.830377
1	0.795399	1.11128	0.906679
1	0.754349	0.923762	0.678111
1	0.753611	1.02414	0.777749
1	0.740982	1.15591	0.896895
1	0.67237	1.04224	0.714609
1	0.59332	0.844197	0.437518
1	0.674111	1.07249	0.7466
1	0.663723	0.865805	0.529528
1	0.542616	0.870094	0.412709
1	0.572309	0.991157	0.563466
1	0.669494	1.05601	0.725501
1	0.638565	1.08777	0.72634
1	0.662143	0.891144	0.553287
1	0.686342	1.02448	0.710825
1	0.601617	1.05216	0.653776
1	0.603717	0.988439	0.592157
1	0.78753	0.899343	0.686873
1	0.875233	0.867107	0.74234
1	0.831132	1.0668	0.897936
1	0.871996	1.10835	0.980348
1	0.885303	0.917078	0.80238
1	0.874951	1.08191	0.956865
1	0.854755	1.06627	0.921021
1	0.89664	1.00224	0.898878
1	0.955625	0.950778	0.906403
1	0.957979	1.01199	0.96997
1	1.12122	1.05959	1.18081
1	1.01251	1.08696	1.09947
1	1.03681	0.769973	0.806778
1	1.0594	0.973966	1.03337
1	1.12921	1.0672	1.19641
1	1.10794	0.956303	1.06424
1	1.08177	1.05405	1.13582
1	1.04138	0.923152	0.964528
1	1.02374	1.04897	1.07271
1	0.916099	0.970587	0.886686
1	1.0078	0.973092	0.980896
1	0.994462	0.919711	0.914172
1	0.976834	1.05062	1.02745
1	0.952757	1.07401	1.02677
1	0.869922	1.0618	0.931717
1	0.920102	1.01503	0.935129
1	0.948418	0.947663	0.896081
1	0.942123	0.970177	0.9123
1	0.851738	0.82703	0.678769
1	0.848706	1.06294	0.911644
1	0.883359	0.976484	0.859843
1	0.858508	0.899932	0.75844
1	0.707134	0.977887	0.685021
1	0.730597	0.883697	0.614294
1	0.683611	0.917762	0.601373
1	0.725678	0.947226	0.672904
1	0.639456	0.905852	0.545308
1	0.597374	1.0059	0.603273
1	0.555379	0.913081	0.468459
1	0.635882	1.05415	0.690029
1	0.596961	1.07401	0.670974
1	0.561274	1.08197	0.643242
1	0.597389	0.853006	0.450395
1	0.654718	0.869142	0.523861
1	0.648068	0.873235	0.521303
1	0.581931	0.947656	0.529587
1	0.539443	0.901342	0.440785
1	0.611051	0.92	0.53105
1	0.675104	0.922338	0.597441
1	0.725552	1.00237	0.727923
1	0.812279	1.07268	0.884962
1	0.826495	1.00794	0.834431
1	0.940573	1.08883	1.0294
1	0.834391	0.944934	0.779326
1	0.854865	0.839149	0.694014
1	0.913516	1.13452	1.04804
1	1.01338	1.07193	1.08532
1	0.960763	0.919385	0.880148
1	1.0305	1.053	1.0835
1	1.04563	1.08091	1.12654
1	1.02342	1.02185	1.04527
1	1.08097	1.0842	1.16517
1	1.11768	0.99696	1.11464
1	1.01173	0.962493	0.974223
1	1.05667	1.0743	1.13097
1	1.00228	0.999677	1.00196
1	1.06095	1.06038	1.12133
1	1.0043	0.968259	0.972562
1	1.04476	0.884517	0.929277
1	0.994335	1.13114	1.12548
1	0.973695	0.876312	0.850007
1	0.961401	1.01838	0.979779
1	0.925219	0.934268	0.859487
1	0.96097	1.12104	1.08201
1	0.833608	1.04038	0.873987
1	0.901708	0.894475	0.796182
1	0.906543	1.00203	0.908574
1	0.917448	1.05697	0.974419
1	0.848348	1.03447	0.882814
1	0.840676	1.03069	0.871371
1	0.788534	0.948318	0.736852
1	0.81249	0.982635	0.795125
1	0.700583	1.17057	0.871151
1	0.668508	0.769301	0.437809
1	0.679202	0.826346	0.505549
1	0.663029	1.07289	0.735917
1	0.665005	0.8411	0.506104
1	0.693914	0.915362	0.609276
1	0.574253	1.16618	0.740433
1	0.63159	0.933706	0.565297
1	0.583551	1.03741	0.620965
1	0.618743	1.1055	0.724247
1	0.62084	0.808922	0.429762
1	0.666043	1.13646	0.802504
1	0.755563	0.989804	0.745367
1	0.688485	1.05625	0.744734
1	0.800484	0.939185	0.739669
1	0.807445	1.0606	0.868042
1	0.797403	0.99125	0.788652
1	0.846598	0.827336	0.673934
1	0.867011	1.00195	0.868957
1	0.80043	1.02389	0.824319
1	0.872324	1.00852	0.880843
1	0.94304	1.16763	1.11067
1	0.975903	1.07188	1.04779
1	0.951495	0.940944	0.892439
1	1.02581	0.876606	0.902419
1	0.973478	0.951223	0.924701
1	1.09471	1.28221	1.37692
1	1.0306	0.907227	0.937824
1	1.11018	0.904814	1.01499
1	1.07178	1.04203	1.11381
1	1.14462	1.15002	1.29464
1	1.10058	1.01352	1.11411
1	1.1179	0.990512	1.10841
1	1.06141	0.986882	1.0483
1	1.01965	0.934861	0.954507
1	1.02916	0.951352	0.980512
1	0.996414	0.952549	0.948963
1	0.983965	1.16671	1.15068
1	0.930645	1.07715	1.0078
1	1.02035	0.977271	0.997626
1	0.87688	1.00119	0.878073
1	0.819454	1.01069	0.83014
1	0.871392	0.955151	0.826543
1	0.818782	0.860576	0.679358
1	0.750375	1.04379	0.79417
1	0.761234	0.967931	0.729165
1	0.727501	0.95793	0.685431
1	0.819597	1.03618	0.855781
1	0.71341	1.06665	0.780058
1	0.689781	0.997904	0.687685
1	0.645713	0.83214	0.477853
1	0.677054	0.867333	0.544387
1	0.627432	0.972033	0.599465
1	0.627114	0.752689	0.379803
1	0.62693	0.87914	0.50607
1	0.615659	1.03694	0.652602
1	0.600965	1.05982	0.660784
1	0.58465	1.06696	0.65161
1	0.553201	0.838849	0.39205
1	0.639973	0.869333	0.509305
1	0.615714	1.06571	0.681419
1	0.628258	1.01932	0.647574
1	0.698616	1.01508	0.713697
1	0.846749	0.976435	0.823184
1	0.82091	0.906697	0.727607
1	0.871254	1.02961	0.90086
1	0.863953	0.810728	0.674681
1	0.883606	1.07343	0.957033
1	0.856906	0.929704	0.786609
1	0.855374	0.925473	0.780847
1	0.996697	1.05987	1.05657
1	0.906513	1.10705	1.01356
1	1.04262	0.925191	0.967806
1	0.994275	1.06628	1.06056
1	1.04921	1.15131	1.20052
1	1.09681	0.997305	1.09411
1	1.03231	1.08673	1.11904
1	1.04632	0.985638	1.03196
1	1.10532	1.14154	1.24686
1	1.14466	0.984462	1.12912
1	1.09142	1.08425	1.17566
1	1.00659	1.08493	1.09152
1	1.06497	0.991393	1.05637
1	1.11411	1.18942	1.30353
1	1.10068	0.719805	0.82049
1	1.04125	1.05252	1.09377
1	1.00829	0.942655	0.950946
1	0.972891	0.97394	0.946831
1	1.00644	1.11556	1.122
1	0.797344	1.04011	0.837452
1	0.776663	1.0628	0.839466
1	0.772961	0.893544	0.666505
1	0.767168	0.917039	0.684207
1	0.855497	0.971363	0.826859
1	0.70774	1.02259	0.730327
1	0.720135	0.953188	0.673324
1	0.665418	0.930659	0.596078
1	0.729832	0.97753	0.707361
1	0.630626	0.957644	0.58827
1	0.642662	0.980056	0.622718
1	0.628243	0.895972	0.524215
1	0.62836	1.07443	0.70279
1	0.560865	1.17957	0.740438
1	0.591563	0.830009	0.421572
1	0.569779	0.841404	0.411183
1	0.54133	1.11572	0.657048
1	0.600982	0.869821	0.470803
1	0.588577	0.952188	0.540765
1	0.538768	0.946356	0.485124
1	0.557148	1.02986	0.587007
1	0.672041	0.965693	0.637733
1	0.734378	1.16772	0.902098
1	0.765451	0.980604	0.746056
1	0.865485	1.07441	0.939896
1	0.896041	1.23562	1.13167
1	0.838679	1.13065	0.969325
1	0.836299	1.17604	1.01234
1	0.873928	1.0276	0.901525
1	0.901636	0.833286	0.734922
1	1.00939	1.22408	1.23347
1	1.02045	1.09168	1.11213
1	1.03704	0.900135	0.937172
1	0.986748	1.08374	1.07048
1	1.08359	0.901511	0.985099
1	1.06678	1.05916	1.12595
1	1.06669	1.0976	1.16429
1	1.09386	0.953013	1.04687
1	1.12773	1.01601	1.14375
1	1.11818	0.859918	0.978099
1	1.06567	0.76341	0.829076
1	1.0183	0.888519	0.906815
1	1.06507	0.846569	0.911636
1	1.10518	1.02273	1.12791
1	1.04704	1.11152	1.15856
1	1.03099	1.0842	1.11519
1	0.991719	0.778124	0.769842
1	0.859247	0.984733	0.84398
1	0.856671	0.947547	0.804218
1	0.80489	0.963436	0.768326
1	0.763175	1.07659	0.839767
1	0.726577	1.13112	0.857693
1	0.767955	0.951546	0.719502
1	0.723448	0.784253	0.507701
1	0.702446	0.886663	0.589109
1	0.719392	0.887876	0.607268
1	0.694078	0.90104	0.595118
1	0.621307	0.975366	0.596673
1	0.613561	0.949252	0.562813
1	0.671135	1.12718	0.798317
1	0.659999	1.03755	0.697545
1	0.570936	1.01372	0.584654
1	0.588735	1.11222	0.700959
1	0.580969	1.06241	0.643384
1	0.561918	1.02586	0.587774
1	0.575389	0.866829	0.442218
1	0.536434	0.99226	0.528695
1	0.575123	1.04681	0.621929
1	0.580264	1.0684	0.648667
1	0.65193	1.07954	0.731473
1	0.662782	1.06056	0.723347
1	0.758292	0.892122	0.650414
1	0.733288	1.0167	0.749985
1	0.860978	0.84916	0.710138
1	0.724615	1.05042	0.775033
1	0.899656	0.94932	0.848976
1	0.917828	1.03457	0.952398
1	0.930765	0.890085	0.82085
1	0.942482	1.07332	1.01581
1	0.989698	1.15556	1.14526
1	1.08168	0.970116	1.05179
1	1.07585	1.0695	1.14535
1	1.08369	0.905033	0.988726
1	1.03071	0.973987	1.00469
1	1.10398	0.991606	1.09558
1	1.0885	1.07108	1.15958
1	1.1768	1.08493	1.26174
1	1.19049	1.00994	1.20043
1	1.09879	0.856589	0.955374
1	1.03138	0.901918	0.933295
1	1.0192	1.01526	1.03446
1	1.00687	0.961568	0.968434
1	0.995943	1.07459	1.07053
1	0.900552	1.05968	0.960235
1	0.926426	0.886922	0.813347
1	0.861134	1.08245	0.943581
1	0.83039	0.94286	0.77325
1	0.848552	0.945946	0.794498
1	0.835555	1.1376	0.973153
1	0.860871	0.920505	0.781376
1	0.829541	1.03002	0.859565
1	0.750007	1.13198	0.881987
1	0.797419	0.991617	0.789036
1	0.756381	0.996429	0.75281
1	0.706518	1.05091	0.757426
1	0.665121	1.17572	0.840838
1	0.591429	1.06127	0.652694
1	0.621253	0.983259	0.604512
1	0.594085	0.90285	0.496935
1	0.677565	1.05664	0.734204
1	0.659104	0.9814	0.640504
1	0.572483	1.04336	0.615838
1	0.607316	0.915475	0.522791
1	0.573096	0.905854	0.478951
1	0.527048	1.11315	0.640194
1	0.552092	1.08031	0.632399
1	0.568268	1.18337	0.751642
1	0.650338	0.990517	0.640856
1	0.6955	1.11353	0.809031
1	0.717702	0.981322	0.699023
1	0.724354	1.09675	0.821109
1	0.822702	1.00199	0.824688
1	0.796261	0.938804	0.735065
1	0.916666	0.93164	0.848307
1	0.886317	1.07648	0.962796
1	0.923055	0.931999	0.855054
1	0.964032	0.885762	0.849794
1	1.00801	1.203	1.21102
1	1.0413	1.27905	1.32035
1	1.07063	0.934191	1.00482
1	1.10671	1.05314	1.15985
1	1.10316	1.11613	1.21929
1	1.04344	1.04324	1.08667
1	1.0466	1.03596	1.08256
1	1.05201	1.06385	1.11586
1	1.12447	1.01953	1.14401
1	1.03304	1.17563	1.20867
1	1.02319	1.10521	1.1284
1	0.96898	0.997857	0.966837
1	1.03569	1.01123	1.04691
1	0.972742	1.18662	1.15936
1	0.989635	1.05489	1.04452
1	1.0022	0.98275	0.984948
1	0.926218	1.0307	0.956919
1	0.890606	1.02821	0.91882
1	0.898342	1.17017	1.06851
1	0.851935	1.07574	0.927676
1	0.835265	1.1796	1.01487
1	0.918577	1.06187	0.980442
1	0.801385	0.965238	0.766623
1	0.770813	0.998291	0.769104
1	0.819006	0.96149	0.780496
1	0.722805	0.964023	0.686828
1	0.705371	0.848225	0.553596
1	0.635748	0.945113	0.58086
1	0.59448	1.06857	0.663051
1	0.611788	0.999175	0.610963
1	0.678793	1.12703	0.805819
1	0.67428	1.03088	0.705164
1	0.613787	0.903945	0.517732
1	0.580479	1.0103	0.590778
1	0.64558	1.17204	0.817619
1	0.627056	0.993372	0.620429
1	0.688054	1.20562	0.893677
1	0.608041	1.12496	0.733003
1	0.618187	0.954424	0.57261
1	0.663884	0.87125	0.535134
1	0.714943	1.03323	0.748172
1	0.737228	1.04468	0.781907
1	0.824241	1.03912	0.863361
1	0.877242	1.22041	1.09765
1	0.897195	0.930005	0.8272
1	0.885035	1.1444	1.02944
1	0.919193	1.10948	1.02867
1	0.990915	1.01459	1.00551
1	0.999107	0.880869	0.879975
1	0.95125	1.02881	0.98006
1	1.07652	1.1447	1.22122
1	1.05958	1.0768	1.13638
1	1.14755	1.06437	1.21191
1	1.11465	0.910369	1.02502
1	1.1179	0.926559	1.04446
1	1.11522	1.08579	1.20102
1	1.07427	1.08973	1.164
1	1.06166	0.841631	0.903287
1	1.04313	1.02381	1.06694
1	1.05409	0.943441	0.997531
1	1.04463	1.06923	1.11386
1	0.994918	1.03688	1.0318
1	0.872518	1.05778	0.930299
1	0.892173	0.992999	0.885173
1	0.89755	0.90946	0.807011
1	0.795672	0.932676	0.728348
1	0.956037	1.03258	0.988621
1	0.844514	0.976559	0.821073
1	0.796057	0.863012	0.659068
1	0.837647	1.17061	1.00826
1	0.74518	1.01623	0.761414
1	0.693458	0.970953	0.664411
1	0.718982	0.945887	0.664869
1	0.74645	1.0089	0.755353
1	0.679499	1.0574	0.736901
1	0.710199	0.795125	0.505324
1	0.679069	1.01955	0.698617
1	0.69236	1.03863	0.73099
1	0.704031	1.02319	0.727224
1	0.710299	0.993539	0.703838
1	0.702503	1.1484	0.850901
1	0.696005	1.13394	0.82995
1	0.67635	0.942953	0.619303
1	0.637508	0.937631	0.575138
1	0.695317	1.03832	0.73364
1	0.605971	0.949823	0.555794
1	0.637529	0.92502	0.562549
1	0.766623	0.921635	0.688257
1	0.713109	0.869242	0.582351
1	0.682662	1.06352	0.746183
1	0.809534	1.06734	0.876873
1	0.907858	0.740079	0.647938
1	0.94653	1.10709	1.05362
1	0.826405	1.06077	0.887179
1	0.940354	1.02568	0.96603
1	0.988477	1.10428	1.09276
1	0.97118	0.841897	0.813076
1	1.01227	0.906821	0.919091
1	1.01552	0.876586	0.892101
1	1.00902	0.996976	1.006
1	1.13877	0.998675	1.13745
1	1.0922	1.0579	1.1501
1	1.01731	1.03805	1.05535
1	1.10199	0.93306	1.03505
1	1.09637	0.952461	1.04883
1	1.0068	0.977659	0.984463
1	1.01795	1.08517	1.10312
1	1.02427	1.00854	1.0328
1	1.01581	1.08677	1.10258
1	1.01604	0.860126	0.87617
1	0.950851	0.907466	0.858317
1	0.983609	1.18855	1.17216
1	0.892233	1.03407	0.926307
1	0.848546	0.975616	0.824162
1	0.852272	0.943035	0.795306
1	0.796562	1.13292	0.929486
1	0.820019	1.06734	0.887356
1	0.801513	0.898255	0.699768
1	0.779616	1.09969	0.879303
1	0.732493	1.09363	0.826118
1	0.7709	1.13234	0.903237
1	0.746563	1.14367	0.890229
1	0.682649	0.936308	0.618957
1	0.598279	0.803435	0.401713
1	0.656965	0.859117	0.516081
1	0.624828	0.828679	0.453506
1	0.65544	0.927541	0.582981
1	0.672732	1.11083	0.783557
1	0.613801	0.992477	0.606278
1	0.651474	1.08011	0.73158
1	0.635333	0.986595	0.621927
1	0.700462	1.03603	0.736493
1	0.656006	1.08975	0.745752
1	0.760566	0.949728	0.710294
1	0.715193	0.798702	0.513895
1	0.801644	0.872029	0.673673
1	0.762367	0.981622	0.743988
1	0.723685	0.669817	0.393502
1	0.845762	0.967933	0.813695
1	0.894612	1.0456	0.940213
1	1.00766	0.882726	0.890387
1	0.925864	0.953635	0.879499
1	0.995635	1.07432	1.06995
1	0.988857	0.896024	0.884881
1	0.960392	1.01225	0.972638
1	1.02097	1.1458	1.16677
1	1.06804	1.05034	1.11838
1	1.07839	0.925382	1.00377
1	1.19358	1.11129	1.30486
1	1.13035	1.04503	1.17539
1	1.04047	0.920517	0.960986
1	1.07918	1.05932	1.1385
1	1.02775	0.996988	1.02474
1	1.04316	0.845325	0.888485
1	1.04663	1.05959	1.10622
1	1.0547	1.00519	1.0599
1	1.06292	0.917708	0.980628
1	0.943652	1.00184	0.945494
1	0.961469	1.02436	0.985828
1	0.988686	0.980789	0.969475
1	0.939271	1.04261	0.981878
1	0.880632	1.05851	0.939143
1	0.889785	0.914387	0.804171
1	0.86175	0.953808	0.815558
1	0.891635	1.05841	0.950042
1	0.819784	0.94884	0.768624
1	0.830026	0.955586	0.785612
1	0.908298	1.05478	0.963073
1	0.831833	1.06327	0.895102
1	0.707849	1.05109	0.758941
1	0.772217	0.852317	0.624534
1	0.681354	1.08525	0.766602
1	0.669379	1.01545	0.68483
1	0.653801	0.977755	0.631555
1	0.649829	0.922614	0.572443
1	0.658212	1.23893	0.897138
1	0.633604	1.05699	0.690592
1	0.611558	1.12703	0.738584
1	0.555085	0.954677	0.509761
1	0.56305	1.01157	0.57462
1	0.685885	1.13987	0.82575
1	0.662337	1.05389	0.716227
1	0.682494	0.951953	0.634447
1	0.815058	0.969049	0.784106
1	0.78943	0.962122	0.751553
1	0.862509	0.740613	0.603122
1	0.782123	1.03026	0.812384
1	0.834772	1.11197	0.946744
1	0.995493	0.911569	0.907061
1	0.968352	0.928514	0.896866
1	0.924127	1.03779	0.961921
1	1.00958	1.12379	1.13337
1	1.03834	0.997281	1.03562
1	0.939956	1.11844	1.0584
1	0.977184	0.978362	0.955546
1	1.09939	1.06527	1.16466
1	1.14341	1.03953	1.18293
1	1.10964	1.00688	1.11652
1	1.08899	0.980713	1.06971
1	1.10125	0.957812	1.05906
1	1.08916	0.930476	1.01964
1	1.07248	0.927424	0.999906
1	1.10578	1.14462	1.25039
1	1.06241	0.935837	0.998246
1	1.04367	1.08719	1.13086
1	1.04018	0.869203	0.909386
1	0.996747	0.903627	0.900374
1	0.990143	0.98155	0.971693
1	0.950342	0.935194	0.885535
1	0.960994	1.03488	0.995877
1	0.838469	1.09542	0.933892
1	0.866432	0.979454	0.845886
1	0.98509	0.988376	0.973466
1	0.832709	1.06188	0.894584
1	0.785002	1.06796	0.852962
1	0.844111	0.987225	0.831336
1	0.755655	0.980006	0.735661
1	0.766066	0.910524	0.67659
1	0.78116	1.05639	0.83755
1	0.696703	0.931392	0.628096
1	0.706194	0.949009	0.655203
1	0.674255	1.01685	0.691107
1	0.6181	1.03835	0.656453
1	0.604996	1.05071	0.655704
1	0.660102	1.12825	0.788349
1	0.603256	1.10247	0.705723
1	0.676575	1.01381	0.690384
1	0.62127	1.03448	0.655753
1	0.614107	1.02106	0.635168
1	0.678147	0.95647	0.634618
1	0.799269	0.964331	0.7636
1	0.891339	1.10383	0.995168
1	0.713882	0.911902	0.625783
1	0.790834	1.03695	0.827785
1	0.916997	1.02763	0.944623
1	0.920151	0.925172	0.845323
1	0.913844	1.10855	1.0224
1	0.930157	1.0828	1.01296
1	0.906143	1.08388	0.990028
1	0.98021	0.980941	0.961151
1	1.01245	1.02478	1.03722
1	1.02802	1.08435	1.11236
1	1.02609	1.07205	1.09813
1	1.05592	0.989593	1.04552
1	1.12514	0.887558	1.01269
1	1.08762	0.987988	1.07561
1	1.09731	1.06148	1.15879
1	1.13706	1.02564	1.1627
1	1.06494	1.05654	1.12149
1	1.02876	1.09242	1.12118
1	1.08283	1.04233	1.12516
1	1.04979	0.920083	0.969875
1	1.10133	1.05609	1.15743
1	1.07328	1.08077	1.15404
1	0.974097	0.918098	0.892195
1	1.028	1.00753	1.03553
1	0.894279	1.08336	0.977643
1	0.895948	0.747951	0.6439
1	0.956955	0.94896	0.905914
1	0.86783	1.08719	0.955023
1	0.932863	1.07116	1.00402
1	0.782846	0.923936	0.706782
1	0.843024	1.10376	0.946788
1	0.824045	0.827735	0.65178
1	0.738936	1.03588	0.774817
1	0.706864	0.916348	0.623212
1	0.726943	0.821987	0.54893
1	0.700078	0.82926	0.529339
1	0.789635	0.915195	0.70483
1	0.784979	1.01344	0.798417
1	0.659504	1.04688	0.706385
1	0.698568	0.996351	0.694919
1	0.715198	1.1469	0.862097
1	0.659745	0.87738	0.537126
1	0.654757	1.01074	0.665496
1	0.619346	0.799063	0.418409
1	0.668243	0.898663	0.566906
1	0.715243	1.16447	0.879716
1	0.781251	1.10186	0.883113
1	0.761819	0.834605	0.596424
1	0.667078	0.901199	0.568277
1	0.773767	0.944267	0.718034
1	0.822275	1.06572	0.887999
1	0.896878	0.866202	0.763079
1	0.916127	0.958116	0.874244
1	1.05077	0.97651	1.02728
1	0.989512	1.03965	1.02916
1	1.03704	1.00899	1.04603
1	1.06888	1.22171	1.29058
1	1.11064	0.84761	0.958247
1	1.05303	0.920326	0.973358
1	1.0019	1.08919	1.09109
1	1.12591	1.01607	1.14198
1	1.12928	1.15186	1.28114
1	1.16811	1.25954	1.42765
1	1.16922	0.997572	1.16679
1	1.11453	0.963765	1.07829
1	1.08533	1.01792	1.10325
1	1.13123	1.01985	1.15108
1	1.11549	0.840593	0.956079
1	1.07732	0.947881	1.0252
1	1.16711	1.01802	1.18513
1	1.08134	0.929241	1.01058
1	1.02703	0.938199	0.96523
1	0.969543	1.10746	1.07701
1	0.955052	0.992884	0.947936
1	0.961096	1.07458	1.03568
1	0.849864	1.04303	0.892897
1	0.865496	0.707397	0.572892
1	0.85731	0.860486	0.717796
1	0.837009	0.929119	0.766128
1	0.752412	1.07563	0.828044
1	0.720414	1.05708	0.777495
1	0.715234	0.970331	0.685565
1	0.761766	1.02017	0.781936
1	0.73302	1.02787	0.760893
1	0.791229	0.846117	0.637346
1	0.713376	0.898618	0.611994
1	0.764519	1.01005	0.774566
1	0.80349	1.02904	0.832533
1	0.683379	0.963645	0.647025
1	0.689383	0.959643	0.649026
1	0.676199	1.25154	0.927742
1	0.634063	0.947678	0.581741
1	0.605539	0.823808	0.429347
1	0.703612	1.07561	0.779221
1	0.78502	0.958835	0.743855
1	0.676272	1.01569	0.691963
1	0.73454	0.978489	0.713029
1	0.762388	1.10615	0.868536
1	0.894178	1.05701	0.951184
1	0.905715	1.07247	0.978181
1	0.907714	0.976592	0.884306
1	0.966028	1.02844	0.994467
1	0.99933	1.19014	1.18947
1	1.08248	1.17102	1.2535
1	1.03094	0.914087	0.945026
1	1.09506	1.07353	1.16858
1	1.05522	1.01051	1.06574
1	1.11287	0.975002	1.08787
1	1.09763	1.00305	1.10068
1	1.14304	1.11392	1.25696
1	1.21714	0.976905	1.19404
1	1.19469	1.01324	1.20793
1	1.08346	1.07817	1.16163
1	1.12984	1.09425	1.22409
1	1.1338	0.906625	1.04043
1	1.09233	1.1058	1.19813
1	1.11129	0.709601	0.820893
1	1.168	0.922325	1.09032
1	1.04059	1.01604	1.05663
1	1.01322	0.966667	0.97989
1	0.958845	1.04719	1.00603
1	0.913738	0.991902	0.905641
1	0.875028	1.17858	1.05361
1	0.832944	1.03312	0.866061
1	0.837851	0.911848	0.7497
1	0.888691	1.03287	0.921557
1	0.827231	0.853127	0.680358
1	0.805556	1.1092	0.914751
1	0.808124	1.152	0.960128
1	0.748963	1.20676	0.955724
1	0.67545	0.79092	0.46637
1	0.691361	0.936507	0.627867
1	0.717045	1.02182	0.738861
1	0.750483	1.0201	0.770582
1	0.670909	0.986159	0.657068
1	0.675097	1.21779	0.892889
1	0.68783	1.11863	0.806455
1	0.654349	1.11503	0.769375
1	0.721369	0.920319	0.641688
1	0.68827	0.946845	0.635115
1	0.7651	0.922971	0.688071
1	0.77403	0.999679	0.773709
1	0.733859	1.03612	0.769976
1	0.679683	0.929748	0.609431
1	0.827451	0.887305	0.714756
1	0.974041	1.10973	1.08377
1	0.947137	1.06085	1.00799
1	0.903997	0.984566	0.888563
1	0.926501	1.04444	0.970941
1	0.985894	1.22983	1.21572
1	1.02721	0.98359	1.0108
1	1.04648	0.963556	1.01004
1	1.12156	1.13306	1.25462
1	1.11003	1.11115	1.22118
1	1.13356	1.02756	1.16112
1	1.08376	1.02295	1.10671
1	1.09815	0.966219	1.06437
1	1.17591	0.872689	1.04859
1	1.16709	0.888126	1.05522
1	1.17894	1.11337	1.29231
1	1.18431	1.03855	1.22286
1	1.17374	1.08079	1.25453
1	1.20704	0.87949	1.08653
1	1.12099	0.903406	1.02439
1	1.06138	1.07499	1.13637
1	1.10915	1.14288	1.25203
1	1.09747	1.07876	1.17623
1	0.989548	0.951186	0.940734
1	0.927243	1.03607	0.963316
1	0.876789	1.12476	1.00155
1	0.886656	1.23813	1.12478
1	0.852614	0.89896	0.751574
1	0.904579	1.03325	0.937826
1	0.901455	0.92831	0.829764
1	0.815748	1.04275	0.858499
1	0.900609	1.09908	0.99969
1	0.824149	0.862886	0.687035
1	0.74957	1.06612	0.815688
1	0.715445	0.891083	0.606527
1	0.763643	0.954837	0.718481
1	0.783493	1.12619	0.909687
1	0.768654	0.810454	0.579107
1	0.698781	0.928307	0.627088
1	0.740041	0.926379	0.66642
1	0.71495	1.0083	0.723247
1	0.689329	1.05743	0.746758
1	0.829982	0.996094	0.826076
1	0.769919	0.881675	0.651594
1	0.827784	1.05221	0.879996
1	0.783131	1.08824	0.87137
1	0.859108	0.749492	0.6086
1	0.802774	1.03279	0.83556
1	0.93438	1.10868	1.04306
1	0.981778	1.05462	1.0364
1	0.980037	0.935828	0.915866
1	0.980044	0.985474	0.965518
1	1.01648	0.835543	0.852024
1	0.997731	0.990667	0.988398
1	1.05324	0.832279	0.885517
1	1.13309	1.10166	1.23475
1	1.10508	1.00414	1.10922
1	1.12713	0.829228	0.956357
1	1.10646	0.849245	0.955705
1	1.08553	0.800855	0.886381
1	1.12143	1.05604	1.17747
1	1.23456	1.06651	1.30107
1	1.23033	0.908092	1.13842
1	1.21341	0.773938	0.987349
1	1.13574	0.986122	1.12186
1	1.13563	1.06236	1.19799
1	1.1824	1.07736	1.25976
1	1.03795	1.29885	1.3368
1	1.00893	0.963353	0.972284
1	1.04913	0.996855	1.04599
1	1.03936	1.03705	1.07641
1	0.995006	1.1304	1.12541
1	0.883476	1.00564	0.889117
1	0.934609	0.874662	0.809271
