0.507740	-0.121970
0.506700	-1.086820
0.584220	0.684300
0.749260	-1.075190
0.619200	0.033300
0.724420	0.744800
0.737820	0.033600
0.509760	-0.526640
0.550420	0.462500
0.522000	0.200700
0.555480	2.124700
0.520740	0.371700
0.524760	1.021000
0.616680	0.783400
0.573800	-0.127840
0.529780	-0.336810
0.449840	-0.687150
0.238840	1.308400
0.350000	-0.935840
0.378460	-2.672370
0.427960	-0.772740
0.328920	-0.521570
0.365480	-2.015290
0.066920	0.050400
0.004920	-0.894620
0.232720	-0.013170
0.150700	-0.184680
0.054940	-0.679450
0.101540	-0.073740
0.159500	0.858200
-0.009826	0.376900
0.115400	-0.749270
-0.007712	1.402300
-0.142562	0.805900
-0.135440	-0.335230
-0.169946	0.672600
-0.032128	1.211500
-0.018514	0.046500
-0.130854	-0.285110
-0.108056	1.150900
0.026720	-1.314280
-0.146608	-0.131080
-0.161158	-0.470960
-0.191296	0.072300
-0.205270	1.673300
-0.146942	-0.010240
-0.192072	-0.405610
0.079900	-0.315260
-0.077920	-0.606960
-0.037680	-1.596330
-0.025220	-0.988120
0.151980	0.797100
0.119360	1.104700
0.087840	-1.325570
0.039240	-0.971750
0.074480	1.569600
0.077840	0.158700
0.130860	-0.161900
0.111760	1.418200
0.168800	-1.993640
0.224600	0.568000
0.370120	-0.014150
0.432040	0.515600
0.390400	-1.197540
0.423080	1.116700
0.425000	0.557300
0.597840	-1.435720
0.681340	-0.114030
0.637920	0.941000
0.531960	-0.218840
0.645320	-0.417900
0.551880	-1.048330
0.613460	-0.134850
0.594980	-1.100940
0.618280	0.746100
0.406800	-0.082440
0.466460	0.095800
0.513240	-0.066740
0.316220	0.018800
0.268100	1.141700
0.270420	-0.157850
0.310900	1.327700
0.284200	1.102200
0.297220	0.450600
0.256800	0.132600
0.303140	0.059000
0.236700	0.126900
0.227660	-1.852440
0.013860	0.990600
-0.006754	-0.226160
0.158900	0.930100
-0.070386	0.990900
-0.045292	-0.741900
-0.014532	0.042600
-0.007752	2.004800
0.101120	-0.121760
-0.078648	0.775800
-0.191878	-2.856570
-0.232684	1.345300
-0.260044	-0.264430
-0.177296	-0.494680
-0.153196	-0.411970
-0.160636	-0.580190
-0.162390	1.603100
-0.158660	0.915100
-0.047322	0.491200
-0.142032	-1.241210
-0.124362	0.561400
-0.174280	0.552000
-0.247404	-0.137140
-0.161626	-0.925460
-0.039744	-0.988970
-0.085532	-0.704300
-0.056116	0.917800
-0.090110	-0.383380
-0.085278	1.203400
0.016380	-0.357410
0.002380	-0.337410
0.069660	-0.449440
0.028980	-0.273970
0.144700	1.197800
0.192140	0.547400
0.168020	0.697500
0.113360	1.322200
0.318180	-1.655220
0.414360	0.897100
0.382740	0.070200
0.322320	-1.027920
0.481900	1.657000
0.406020	0.718200
0.494880	0.157700
0.486260	-0.148100
0.322420	-1.866580
0.323440	0.576600
0.438360	2.470500
0.472720	0.800400
0.525540	-1.952630
0.520840	-1.040490
0.481940	-2.133560
0.558760	-1.010660
0.618840	-0.155240
0.419140	-0.266060
0.302180	1.174000
0.297040	0.905100
0.302220	2.038900
0.349340	-0.499960
0.395280	-1.073000
0.233380	0.324200
0.110260	0.310300
0.253380	-2.125050
0.200100	-0.154340
0.048700	1.199800
0.029260	1.570400
0.184400	-0.395310
0.151060	1.056300
0.105000	0.814200
0.014580	0.247000
0.044480	0.403800
-0.003016	0.008200
0.086380	-0.219520
-0.000368	-1.469970
-0.203468	0.227700
-0.097362	1.445600
-0.284296	0.876100
-0.142114	-0.828200
-0.246390	-1.420600
-0.256662	-0.648700
-0.208658	-0.310810
-0.198742	-0.496050
-0.244256	-0.830240
-0.256082	2.246600
-0.242304	-2.494730
-0.240896	0.254100
-0.271346	-0.266290
-0.236822	-1.806950
0.043580	0.832400
-0.108684	-0.010790
-0.008960	-0.490850
-0.109354	0.255900
0.018480	1.685900
0.041780	-0.184950
-0.028982	-0.223970
-0.033312	-0.948160
0.020620	0.289300
-0.015354	-0.495080
0.101400	-1.576810
0.067620	0.244800
0.107740	0.373700
0.048660	1.981800
0.070760	-0.576550
0.249580	0.232500
0.225860	-1.437760
0.233080	-0.264060
0.295520	-1.256580
0.442560	0.893500
0.461340	0.498100
0.351820	-0.754740
0.364620	0.813900
0.522500	0.756400
0.456180	0.816700
0.384660	-0.119260
0.398560	0.046700
0.477740	0.648200
0.403320	-1.182060
0.437440	-1.305380
0.389400	-0.630050
0.249780	-0.310840
0.333460	-0.305200
0.178080	0.403900
0.290060	0.145700
0.411580	-0.149960
0.325260	0.037700
0.338020	-0.100970
0.285940	0.050200
0.177060	-0.745220
0.075740	0.032900
0.177260	-0.721060
0.122120	0.533800
0.079620	-0.270720
0.091260	-0.813180
-0.077424	0.800900
-0.090366	-1.802390
0.004660	0.798900
-0.005158	1.032600
-0.041190	-0.182110
-0.232304	0.574700
-0.128536	-1.577620
-0.145636	-0.273070
-0.301886	-1.677350
-0.204078	-0.625690
-0.309718	0.144400
-0.236206	-1.492810
-0.311278	0.417900
-0.334342	0.718300
-0.275930	-0.767220
-0.266842	-2.234300
-0.319446	-1.040890
-0.199182	0.547400
-0.258686	-1.634310
-0.231120	1.135900
-0.204746	1.267600
-0.133354	0.036600
-0.095296	1.121600
-0.197264	-1.451900
-0.127122	-1.518590
-0.172634	0.104900
0.013820	0.259400
0.041880	-0.516410
0.142180	-0.719340
-0.046854	-1.408840
0.044820	-0.178400
0.035740	-1.563930
0.156160	0.082900
0.018320	-0.423740
0.144460	0.430300
0.117020	-2.007570
0.326180	0.427300
0.333980	-0.088240
0.360300	0.592000
0.382380	0.191200
0.351520	0.296600
0.422440	1.285000
0.474640	-0.708970
0.535960	-0.274810
0.526280	1.199200
0.500440	1.054600
0.460660	-0.546400
0.553720	-1.091950
0.441220	-0.378370
0.471080	-0.488400
0.359440	-0.383070
0.238220	0.069600
0.276700	-0.120970
0.276160	0.075100
0.302740	-0.124190
0.319920	0.759700
0.324320	0.355300
0.290220	1.157900
0.319100	-1.244120
0.191940	0.071100
0.162160	1.051400
0.112940	2.487700
0.111080	0.575500
0.227960	1.972500
0.047540	0.787000
-0.004320	1.846700
-0.092112	0.113400
-0.091810	-2.924670
-0.169306	0.023900
-0.098124	-0.506580
-0.193826	2.148900
-0.142558	1.002400
-0.289492	-0.076230
-0.328806	1.557000
-0.313792	-0.128410
-0.359168	1.923600
-0.450760	-1.017020
-0.344140	0.958300
-0.151952	0.247500
-0.267922	-1.785070
-0.243302	0.523200
-0.245308	-1.420320
-0.251108	0.317000
-0.267052	-0.213980
-0.249704	0.534600
-0.058036	0.185800
-0.175126	0.373200
-0.338942	-0.694930
-0.374280	1.220500
-0.196420	-0.736310
-0.149454	0.792800
-0.054544	-1.833500
0.083420	1.405500
0.042500	-0.037610
-0.008670	-0.216170
0.074480	-0.209800
0.047740	-1.205290
0.058440	-1.896770
0.208760	-0.508350
0.219720	0.174900
0.332940	-1.783780
0.260180	0.177900
0.415420	1.270100
0.282760	0.353700
0.363960	0.119500
0.447120	0.658300
0.551880	-0.167430
0.427740	0.205400
0.505780	-0.359930
0.610740	0.184500
0.646700	1.759300
0.484440	-0.837950
0.529720	0.570400
0.373620	0.662900
0.426040	-0.032800
0.342200	0.961300
0.205980	1.500300
0.309980	-0.979900
0.158040	-0.042920
0.243000	-0.812310
0.286920	-1.073270
0.252780	1.413300
0.108960	-0.078730
0.174440	-3.705310
0.146180	-0.166520
0.009860	-0.761070
0.102700	0.331000
0.059200	-1.328270
-0.016714	-1.803770
-0.072508	1.172500
-0.179444	-1.078010
-0.193860	0.307300
-0.193826	-0.448970
-0.232378	1.140800
-0.310984	2.186700
-0.312678	-0.301840
-0.352366	-0.551670
-0.418014	1.159100
-0.308996	-0.894730
-0.261576	-0.417490
-0.390864	-1.239690
-0.261694	1.116300
-0.244508	0.736700
-0.319520	0.179000
-0.274194	-1.726540
-0.322536	0.121000
-0.254966	0.429300
-0.379234	1.064000
-0.384344	-1.201430
-0.384782	-0.146470
-0.211406	1.089000
-0.349000	0.613000
-0.322614	-0.993960
-0.173824	-1.171030
-0.136114	-0.938550
-0.003620	0.767200
0.122240	-0.657170
-0.081846	-0.195290
-0.051424	-1.917760
0.055500	1.638800
0.155440	-0.940770
0.117660	-1.366560
0.142160	-0.978690
0.259460	2.369000
0.260360	1.029700
0.328180	0.271200
0.282540	0.105500
0.305180	-1.396580
0.207100	0.780700
0.395000	0.509000
0.460600	1.226600
0.521700	1.371200
0.408180	-1.983310
0.627580	0.391700
0.579260	-1.703420
0.560360	-0.439560
0.453920	0.436000
0.405900	-2.025860
0.294440	-1.462570
0.324280	0.559100
0.274000	0.466100
0.339760	-0.421490
0.143040	1.507700
0.211620	1.082500
0.317880	-0.502790
0.136900	1.947600
0.037080	-0.477280
0.142080	0.175100
0.161620	-0.817130
0.072920	-0.556840
0.064340	0.207700
0.053760	0.876200
-0.035248	0.647900
0.035940	1.784100
-0.178154	-1.377730
-0.188452	-0.303990
-0.228546	-0.919700
-0.282374	-0.818480
-0.199762	0.561500
-0.187042	-0.028050
-0.296492	0.669600
-0.297742	-0.669830
-0.213572	0.083800
-0.239794	0.525100
-0.381506	0.005500
-0.407806	-1.092710
-0.366956	-1.039410
-0.534368	0.013800
-0.451034	-1.056640
-0.371844	1.575300
-0.215628	0.969800
-0.302542	0.411800
-0.317946	-0.280980
-0.207906	-0.797130
-0.310850	0.604400
-0.259820	1.636300
-0.240676	-0.304880
-0.196500	-0.315900
-0.140476	0.748800
-0.126528	0.332000
-0.151580	1.287600
-0.057586	-1.020000
-0.035734	-0.672980
0.089340	0.902300
0.119680	-0.676590
0.172880	0.504700
0.159320	-0.356800
0.170040	1.475300
0.219740	-0.143840
0.166540	0.264200
0.275160	-0.625170
0.266820	0.639800
0.183720	0.658700
0.199620	-0.183490
0.435400	-1.548610
0.481080	1.256500
0.464520	0.581300
0.389960	-0.603140
0.445660	-1.177110
0.323620	1.547900
0.443080	0.617600
0.353120	-0.251450
0.300500	1.145100
0.317320	-0.368000
0.184420	0.921700
0.044080	-1.896750
0.013520	0.347800
0.140460	0.377300
0.176800	-1.940450
0.115260	-0.831330
0.026060	0.174400
0.023800	0.298800
0.072320	0.540100
0.107000	1.332200
-0.037246	-0.760970
0.126020	-0.377140
-0.143084	-0.266480
-0.129078	1.624800
-0.155996	0.753600
-0.212486	-1.087050
-0.291858	-0.390260
-0.271386	-0.513870
-0.296654	-0.584290
-0.295526	0.129900
-0.366430	0.498700
-0.241264	-1.455210
-0.287582	-0.289190
-0.406252	-1.508620
-0.382154	0.023600
-0.453972	0.756900
-0.484464	0.311300
-0.531686	1.022400
-0.394350	1.491100
-0.344896	1.280600
-0.329438	-1.014420
-0.259656	0.161300
-0.261642	0.131200
-0.119606	-1.115370
-0.389898	-0.297840
-0.330530	0.838000
-0.319894	0.524600
-0.114448	-0.255050
-0.169018	1.847900
-0.157590	-0.488630
-0.107910	-2.388910
-0.067648	-0.771450
-0.136594	1.524200
-0.138610	-2.840520
-0.022726	-0.806150
0.040520	1.680600
0.136020	-0.638960
0.213600	-1.574310
0.042180	0.832500
0.223400	1.392100
0.219320	-2.010810
0.265840	-0.086360
0.237020	-0.313540
0.308780	-1.003660
0.606020	-1.126550
0.487180	-0.562220
0.400760	-1.408290
0.379840	0.202100
0.452680	2.449400
0.366480	0.312000
0.243040	-0.426560
0.230760	0.360300
0.357320	2.610000
0.195860	0.866700
0.117940	0.893100
0.082920	0.463100
0.031340	1.192000
0.163060	-0.820110
0.159700	1.212400
0.240140	-2.125440
0.186740	1.499500
0.151720	1.507100
0.053140	-0.107640
-0.151396	-0.316600
-0.030624	-0.283280
-0.093694	-1.222340
-0.188468	-0.798810
-0.092548	1.369700
-0.178544	-0.160600
-0.183472	-0.811270
-0.214178	0.683700
-0.198266	-1.867140
-0.191890	-0.707410
-0.263868	0.051300
-0.216516	0.123700
-0.286080	-0.973610
-0.327328	1.183400
-0.274298	0.168500
-0.426498	-0.496410
-0.439942	-0.780470
-0.586728	-0.647020
-0.497814	0.145000
-0.348916	-0.030770
-0.325730	0.063500
-0.290060	-1.351360
-0.366672	-0.310190
-0.364512	0.763000
-0.365800	1.144900
-0.380044	-0.921890
-0.272386	0.509900
-0.294236	0.524000
-0.067336	-1.002130
-0.249648	-2.846850
-0.230938	1.506700
-0.073088	-0.119210
-0.215152	-0.882700
-0.199030	0.820400
-0.063132	0.326200
-0.053764	0.149500
0.056560	-0.955920
0.051500	0.121900
0.196940	0.993300
0.253300	0.734900
0.248160	-0.021800
0.268340	1.597300
0.393180	0.308400
0.215940	-0.411760
0.370040	-1.127920
0.503680	-0.296880
0.515400	0.464300
0.486520	0.498600
0.463140	0.812100
0.424820	-0.892870
0.225080	0.057500
0.307860	-0.695550
0.256640	1.021300
0.391900	0.716100
0.240200	1.264400
0.099380	-0.154300
0.075960	-1.190910
0.135540	-0.311200
0.085160	-1.155140
0.136560	-1.189650
0.192600	-1.359150
0.193800	1.105300
0.033520	-1.390490
0.036100	-1.676340
-0.100330	-0.060180
-0.178200	-0.845180
-0.113452	-0.807190
-0.210084	1.158800
-0.240724	0.162200
-0.215968	0.902900
-0.280132	0.129400
-0.255514	1.376100
-0.389410	-0.700380
-0.385260	0.667700
-0.405166	1.255200
-0.504688	-0.181070
-0.558202	0.373700
-0.597790	0.585000
-0.407864	-0.684610
-0.520372	-0.092930
-0.447512	-0.348910
-0.518738	0.400000
-0.583986	-1.265970
-0.603304	1.492900
-0.427482	0.266700
-0.411356	0.647500
-0.404842	0.351800
-0.539966	-0.000100
-0.514278	0.207200
-0.415438	0.831900
-0.192818	1.089400
-0.231852	-0.537990
-0.233870	-0.814460
-0.213438	-0.194670
-0.256792	0.794300
-0.232078	0.109300
-0.169450	0.909500
-0.160528	-0.872200
-0.153268	-0.782000
-0.210634	-0.570750
-0.110290	-1.991410
-0.066068	1.014300
0.074520	0.531000
0.095800	1.642600
0.165760	0.278800
0.053160	-0.524400
0.294900	1.454800
0.186160	1.011900
0.193080	1.269900
0.291120	-0.952080
0.467660	-1.072310
0.399240	-0.069980
0.251100	0.368600
0.381460	0.445700
0.418040	1.293600
0.344480	-1.459570
0.342880	-1.560630
0.159340	1.797400
0.219900	0.533800
0.141160	-1.645710
0.012760	0.467200
0.166140	0.400100
0.128000	-0.439140
0.027360	0.533700
0.237300	-1.110630
0.041500	-0.188000
0.121300	-0.663410
-0.064952	-1.504520
-0.124144	-0.035760
-0.139584	0.788700
-0.065230	-0.295400
-0.046700	0.334500
-0.142650	-0.042210
-0.287842	-1.097460
-0.336000	0.235800
-0.231826	-0.849840
-0.332280	-0.000340
-0.398782	-0.427060
-0.420842	-1.114050
-0.468158	-0.501510
-0.552790	-0.660570
-0.710592	-0.670630
-0.506084	0.783400
-0.458920	0.882500
-0.612064	2.875100
-0.541512	-1.052790
-0.534108	-1.776410
-0.435362	0.134800
-0.563498	0.816500
-0.469672	1.261400
-0.375102	-0.409600
-0.466912	-0.521480
-0.527904	0.889200
-0.324816	0.243800
-0.109474	-0.560560
-0.086112	-0.498820
-0.148416	-0.439130
-0.195436	0.318600
-0.119188	-0.259190
-0.185576	-0.206260
-0.203760	-0.333690
-0.124514	1.104200
-0.144470	0.051200
0.001360	0.170400
-0.087258	0.033900
0.082000	0.542000
0.154240	0.938500
0.073000	-1.324660
0.130360	1.640700
0.134840	-0.718350
0.108200	-2.582200
0.146440	-0.587910
0.177000	0.898500
0.243600	-2.586970
0.263480	-0.938870
0.243040	2.069700
0.227480	-0.470950
0.292780	1.900900
0.429740	0.706600
0.230960	-1.299030
0.300540	0.899000
0.208560	-0.694610
0.239740	-0.804580
0.066940	-0.191850
0.178820	1.704300
0.183520	-0.136290
0.141440	0.231200
0.120740	-0.279410
0.147780	1.970500
0.079080	1.264800
0.065140	0.024100
-0.151486	1.379800
-0.111524	-0.527790
-0.046448	2.118200
-0.149252	-0.707320
-0.122564	-0.876050
-0.240606	0.930400
-0.227558	0.519600
-0.199478	-0.577190
-0.307450	1.114800
-0.358950	-0.416560
-0.410652	0.508200
-0.485998	-0.381590
-0.561960	-0.501850
-0.629036	1.520600
-0.713634	-1.711610
-0.514732	-1.194810
-0.531242	0.534100
-0.632508	-0.488730
-0.675924	-0.082490
-0.619456	0.462100
-0.511156	-0.604220
-0.547330	1.601000
-0.522034	0.115200
-0.493926	0.024400
-0.452822	-1.116270
-0.655344	0.754300
-0.564990	-0.853270
-0.424860	0.435700
-0.098518	-0.711470
-0.160640	0.164900
-0.332038	0.654400
-0.252198	-0.835680
-0.244418	0.534400
-0.271566	-0.448400
-0.194590	-0.715020
-0.218310	-0.877410
0.001060	0.397700
-0.038872	1.087500
0.090760	1.736200
0.088760	-0.325820
0.131360	-0.885300
0.115960	-0.194010
0.135180	-1.544330
0.247160	-0.385170
0.142980	0.725300
0.195080	2.142200
0.164000	-2.075470
0.193100	-0.381180
0.340480	-0.450930
0.355260	0.720500
0.243280	0.719400
0.305620	0.394900
0.224740	0.129600
0.194200	-1.332060
0.296060	-0.918380
0.122880	0.781700
0.099720	0.667400
0.193060	-0.543060
0.094180	-2.215570
0.021460	-0.188080
0.010360	-0.503990
-0.006578	-0.890040
0.068020	1.188000
0.002640	0.330800
-0.029338	0.391000
-0.114982	-1.374390
-0.108216	-0.473130
-0.091288	-0.847910
-0.039358	-0.355440
-0.217248	-0.100430
-0.319398	-0.828220
-0.117916	0.474100
-0.336092	1.809000
-0.314550	0.626600
-0.451828	-1.229660
-0.464510	-0.149650
-0.491816	1.951000
-0.494258	1.637400
-0.646610	0.083700
-0.604670	1.766800
-0.484464	2.520700
-0.605310	-0.746460
-0.628614	-0.878570
-0.482748	1.280400
-0.413710	-1.155760
-0.540122	-0.311170
-0.566714	0.961800
-0.478224	-0.480470
-0.476626	-0.677880
-0.694824	-0.090100
-0.648294	-1.176520
-0.290556	0.583100
-0.315506	-1.011930
-0.188160	1.437100
-0.203826	0.185600
-0.179344	-0.222940
-0.230434	1.705400
-0.266904	0.297000
-0.204308	1.797900
-0.181990	0.431900
-0.244194	0.967900
-0.008634	1.041700
-0.036926	-1.177340
0.045200	-0.439390
0.084540	1.088400
0.193780	-1.064580
0.108380	-1.331220
0.202360	-0.040420
0.116220	0.163800
0.159920	-1.573600
0.247640	1.268200
0.246660	-1.169830
0.383560	1.210900
0.195980	0.365000
0.186680	-0.508020
0.114360	-0.284430
0.183640	0.646500
0.239540	0.613400
0.199060	0.020900
0.222640	-0.079670
0.057140	-1.116900
0.171820	-1.170650
-0.071256	0.588900
0.103860	0.780800
-0.050286	-0.387950
0.032100	-0.781390
-0.094920	0.925100
-0.102078	0.284000
-0.011474	1.204700
-0.186936	-0.487890
-0.191170	-0.537870
-0.146392	0.182000
-0.068626	-1.717740
-0.349444	0.935600
-0.368002	-0.662540
-0.341932	-0.484170
-0.326650	-0.371390
-0.372960	0.186300
-0.406918	-0.573890
-0.470686	-0.687680
-0.534678	-0.551730
-0.609436	-1.089410
-0.573308	0.550400
-0.587354	0.208100
-0.499778	0.616000
-0.634050	1.165900
-0.492766	-0.569920
-0.534474	-0.748370
-0.549816	-0.015170
-0.552674	-0.443450
-0.670842	-0.252440
-0.552864	0.302500
-0.594062	0.632900
-0.673898	-0.545920
-0.608910	-1.323830
-0.375422	0.182600
-0.336486	-0.313230
-0.327848	0.559100
-0.276708	1.345900
-0.197918	-1.032470
-0.292062	-1.903330
-0.159778	0.903400
-0.191684	-0.996960
-0.183302	-1.171950
-0.189520	0.516900
-0.077810	0.193500
-0.005198	-0.646770
0.056360	0.991300
-0.002614	-0.419800
0.052860	-0.168650
0.085320	0.073000
0.138880	-1.402320
-0.015188	2.227400
0.099740	0.856800
0.156960	-0.469710
0.330940	-0.441640
0.436560	-0.165100
0.336100	0.689900
0.283960	0.554700
0.189820	-0.559790
0.113400	0.273600
0.070600	1.250600
0.180540	0.803700
0.181860	1.228600
0.178520	-1.315750
0.201700	0.027600
0.000820	-0.332250
0.021440	-1.698870
0.032280	2.520500
0.050660	0.411900
0.034960	-0.795570
-0.000098	1.255200
-0.007230	0.141500
-0.176130	-0.190260
-0.152706	-0.996020
-0.144530	-0.331580
-0.180394	0.620200
-0.291680	1.662200
-0.288790	-0.172840
-0.297604	-0.606210
-0.406694	0.355600
-0.312044	-0.918320
-0.466162	-1.268680
-0.414518	1.326200
-0.442734	-0.920900
-0.582086	-0.037780
-0.519800	-0.225580
-0.553788	-1.052720
-0.690190	0.459200
-0.597486	-1.590260
-0.589432	-0.392040
-0.441698	-0.354950
-0.626242	-0.836450
-0.517186	0.208900
-0.552708	0.636100
-0.548268	-0.239010
-0.512536	0.381100
-0.549996	1.318000
-0.437320	0.072200
-0.390134	1.370300
-0.385046	-1.141620
-0.247284	1.556200
-0.292618	0.263700
-0.354778	-1.351200
-0.303446	-1.049280
-0.287764	0.897000
-0.164192	-0.922060
-0.138680	-0.732450
-0.144858	-1.908060
-0.129984	0.077300
-0.016090	0.544500
-0.019562	0.935800
-0.016546	-0.582920
-0.050254	-0.473770
0.076100	-0.503160
0.203020	0.239700
0.224620	-0.344250
0.232900	-0.482740
0.144360	-0.359390
0.135440	0.978500
0.302340	0.629600
0.356640	-0.992350
0.224860	-0.675290
0.205700	-0.565400
0.100880	-0.961700
0.127520	-0.527890
0.152300	0.538500
0.151380	0.176900
0.132620	-0.303750
0.001380	1.475300
-0.004560	-0.371730
-0.011354	-0.860560
-0.007906	1.382700
0.008420	-0.820280
-0.109394	0.482100
-0.120432	0.359800
-0.041682	1.826500
-0.113110	-0.936060
-0.024644	-0.495300
-0.072782	2.289700
-0.275256	-0.759640
-0.203996	0.867400
-0.216704	0.134700
-0.444382	-0.839380
-0.335558	-0.784970
-0.267064	-0.432100
-0.617672	0.956400
-0.533704	0.832900
-0.532752	0.179900
-0.627158	-0.410010
-0.498196	-0.031050
-0.532306	-0.438490
-0.631290	-1.372310
-0.435662	-0.410640
-0.571898	-0.397070
-0.469122	0.422900
-0.571444	-0.137830
-0.748834	1.332900
-0.524398	-1.620980
-0.536298	-0.982410
-0.541168	0.023200
-0.440766	0.885300
-0.519442	-3.749160
-0.448710	1.224500
-0.529068	0.493200
-0.495814	-0.274080
-0.427008	-1.899480
-0.442958	0.343000
-0.199246	0.393900
-0.109952	-0.114170
-0.163882	0.938800
-0.164824	1.789500
-0.116326	-2.306410
-0.032264	0.305300
0.011020	-0.595810
-0.103256	0.050300
0.161300	0.178100
0.020640	-0.886580
0.109980	1.105200
0.097360	0.495300
0.279120	-1.070950
0.237240	0.432900
0.107880	0.824900
0.224020	1.183000
0.288220	0.197700
0.250280	0.109800
0.204060	-0.172720
0.211580	-0.552800
0.179160	-0.553120
0.186620	-0.761900
0.069740	-0.815500
0.063780	2.716300
0.047220	0.919600
0.034040	0.585400
-0.035362	-1.659180
-0.015026	0.861700
0.078980	-0.602580
0.075040	0.671700
-0.029772	-0.831720
-0.099852	-0.651840
-0.147702	1.063500
-0.095996	1.786500
-0.124902	-1.410170
-0.141070	-0.348880
-0.338692	-0.134760
-0.344716	0.417500
-0.361334	-0.346530
-0.459546	-0.454550
-0.420396	0.408700
-0.423026	-0.813340
-0.440368	-0.966390
-0.487888	0.883000
-0.538712	-1.532730
-0.511474	1.232600
-0.449282	-0.969240
-0.596990	-0.387550
-0.615212	1.127000
-0.516638	0.064900
-0.737976	-0.255850
-0.711988	0.776200
-0.681296	0.714400
-0.699852	0.137900
-0.722450	0.356400
-0.631746	-0.994020
-0.578240	0.299100
-0.343394	0.988400
-0.458932	-2.235140
-0.496668	0.469000
-0.541606	-1.809700
-0.435862	0.443300
-0.325574	-1.286180
-0.261904	0.318900
-0.264336	0.271500
-0.208822	1.519400
-0.073826	1.498500
-0.088582	-0.078900
-0.180644	-0.883430
0.001500	1.213400
0.107000	0.699800
0.048620	-0.583630
0.135920	-0.703780
0.078440	-0.637090
0.126580	-2.223320
0.245820	0.450300
0.208460	-0.373520
0.256440	-1.729970
0.244780	0.759200
0.262180	-0.006640
0.300400	-1.686700
0.174560	-0.398300
0.152620	0.360300
0.271540	-1.776450
0.273560	-1.054950
0.138960	0.347100
0.147400	-1.548250
0.191780	1.456000
0.112460	1.703800
0.065340	-0.349070
0.050540	-0.455490
0.074640	0.105600
0.106160	-0.620970
0.052900	-0.498540
-0.078726	-0.026940
-0.150758	-0.764480
-0.263106	-0.828220
-0.072882	0.423200
-0.207378	-0.168720
-0.202686	0.255100
-0.189918	-0.792700
-0.316326	-0.709150
-0.322080	-1.191160
-0.394998	0.664200
-0.437420	0.418300
-0.467242	0.791400
-0.510260	-0.879760
-0.477342	-0.639450
-0.583718	0.226300
-0.557484	0.822700
-0.505038	0.294500
-0.374966	0.809300
-0.409940	0.058600
-0.607732	1.136300
-0.618766	-0.206060
-0.504944	-0.005940
-0.610584	0.198500
-0.678544	-1.236040
-0.752560	-1.110870
-0.698422	0.920300
-0.453008	-1.472140
-0.500552	-0.438310
-0.468568	-0.898430
-0.395432	-0.177300
-0.406730	-1.320710
-0.355984	-2.371320
-0.294016	1.313100
-0.303646	0.675000
-0.204738	1.639700
-0.095964	-1.917240
-0.179866	1.984100
-0.137312	-1.293260
-0.093702	-1.564470
-0.021650	-0.144700
-0.023642	0.413600
-0.121076	0.012800
-0.009028	1.824200
0.033860	-0.800040
0.065800	0.591700
0.190140	-0.635170
0.173860	-0.390890
0.231620	-0.336580
0.242700	-0.091980
0.238140	1.754000
0.137240	-0.771570
0.159080	0.310200
0.198160	-0.296930
0.289080	1.475500
0.136000	0.302600
0.062660	-1.113650
0.235520	0.348400
0.230920	1.141500
0.077000	-0.057610
0.084700	-1.425100
0.079740	-0.749760
0.115900	1.650600
0.135500	0.108600
-0.026974	0.781300
-0.175500	3.000500
-0.182056	-1.263490
-0.149166	-1.132250
-0.145126	0.309800
-0.079434	-0.675810
-0.163718	1.587700
-0.255114	1.099700
-0.458794	-0.474550
-0.399882	-1.114750
-0.373280	-1.243380
-0.408678	-1.292670
-0.400004	1.444100
-0.584494	1.244100
-0.455418	1.980500
-0.553492	1.824900
-0.608392	-1.140370
-0.606384	-1.053190
-0.598674	0.812800
-0.297818	0.457700
-0.487458	1.039900
-0.630806	-0.881870
-0.665744	1.225900
-0.623168	0.089500
-0.701988	0.452600
-0.513514	0.049800
-0.577720	-0.438430
-0.439240	-0.022230
-0.526820	-1.863610
-0.543798	-0.434460
-0.466108	1.542200
-0.416148	-0.015700
-0.421628	-0.164270
-0.428096	1.889400
-0.223306	-0.664880
-0.281850	-2.170690
-0.253524	1.219200
-0.231066	-1.887670
-0.185550	-0.039970
-0.036512	-0.393250
-0.088702	0.861100
-0.042652	0.604400
-0.061632	0.446100
-0.058748	0.280600
-0.044730	-1.528260
-0.068426	-0.009520
0.141980	0.778000
0.133160	1.300200
0.103020	-0.698990
0.274880	-0.592560
0.192840	1.879800
0.151260	1.727800
0.175580	0.412900
0.189360	0.987100
0.139020	0.692000
0.054420	0.357400
0.093120	0.441700
0.081680	0.389500
0.063000	-3.173320
-0.057162	-0.369990
0.053680	0.009000
0.123200	0.695400
0.080960	-0.105160
0.094360	-0.031090
0.022360	1.527400
-0.062504	0.081900
-0.219774	1.871100
-0.130140	-0.212420
-0.172978	-0.673260
-0.037824	-1.111250
-0.328160	-0.435780
-0.197886	1.522900
-0.316908	-1.521930
-0.526676	-0.209930
-0.529416	-1.384770
-0.706404	1.299600
-0.643736	-0.658680
-0.619678	0.291400
-0.653780	-0.610710
-0.612712	-0.599600
-0.500398	-0.518810
-0.696904	-0.591790
-0.725412	0.725500
-0.536392	-1.623830
-0.615568	0.468200
-0.602490	-0.642700
-0.596092	-0.076950
-0.664194	0.226800
-0.757346	0.718100
-0.666162	-0.038700
-0.606478	0.125600
-0.595258	1.371800
-0.572222	0.713000
-0.607676	-0.102630
-0.399028	-1.693670
-0.483088	-0.026780
-0.426138	-1.159570
-0.389682	1.673100
-0.219152	0.548300
-0.312946	0.739300
-0.307142	0.878400
-0.226284	1.259300
-0.018468	-0.358420
-0.107156	2.518300
-0.004086	0.705100
-0.003586	-0.900450
0.070320	0.930900
-0.066784	-0.487480
0.054680	1.579200
0.187400	-1.144690
0.171100	0.995000
0.259940	0.778200
0.203800	-1.208010
0.191980	-0.014440
0.204740	-0.390070
0.247480	-0.249290
0.184200	-0.981860
0.210980	-2.079600
0.177280	-0.221880
0.096120	-0.123630
0.177660	-0.557780
0.284100	-1.269220
0.150960	1.938200
0.131920	-0.890970
0.106580	-0.162700
0.116700	2.620100
0.074860	-0.910710
0.082440	-0.204420
-0.093358	-0.715750
0.019760	-1.156050
-0.065692	0.513800
-0.141732	0.132900
-0.147376	-0.636530
-0.147132	0.077200
-0.252792	0.094500
-0.345492	-0.424580
-0.256074	0.351300
-0.493646	-0.683850
-0.567456	-1.027140
-0.626798	0.363200
-0.781114	0.084000
-0.831378	0.298100
-0.615852	0.441200
-0.608236	-0.420610
-0.518250	-1.409540
-0.673622	-0.141630
-0.604732	-0.929690
-0.572572	0.683800
-0.413800	0.700800
-0.485096	-0.776530
-0.536908	0.112700
-0.577726	0.543200
-0.521548	-1.597620
-0.566500	0.684800
-0.692850	0.230800
-0.500502	0.059700
-0.450538	1.605000
-0.533618	0.071000
-0.427128	0.593700
-0.458310	-0.175120
-0.353522	0.816000
-0.359078	1.693100
-0.188802	-0.327160
-0.148704	0.520500
-0.250826	1.251800
-0.218544	1.893100
-0.007622	0.514100
-0.060066	0.575200
-0.036596	1.472600
-0.123988	-0.493230
-0.018126	0.550800
-0.209996	-0.296480
-0.015496	0.612000
0.212000	-0.400520
0.126620	-1.999790
0.223760	0.260800
0.201220	-0.292620
0.118380	0.650100
0.114320	-0.390470
0.121980	-0.666780
0.089380	0.724300
0.116680	0.789800
0.188540	0.130100
0.142740	1.088400
0.193760	0.427600
0.222000	1.447400
0.146260	0.340100
0.073100	2.261400
0.073700	0.452000
0.112460	-0.134450
0.072520	-0.665890
-0.006066	-1.176490
0.035020	1.385100
-0.084352	2.335100
-0.091716	0.175400
-0.131576	-0.092040
-0.168896	0.608200
-0.210590	0.019400
-0.326714	-0.041130
-0.257210	0.330700
-0.404712	-0.419580
-0.544170	-1.444660
-0.481674	-0.239420
-0.672424	1.383900
-0.782446	-0.199060
-0.719502	-1.596520
-0.526328	-1.118830
-0.649598	0.577400
-0.605554	-0.537250
-0.662016	-1.710020
-0.782126	-0.507630
-0.761510	0.214200
-0.634414	-2.265590
-0.467638	0.974500
-0.596238	-0.464300
-0.775994	-2.282930
-0.729912	0.697800
-0.525900	0.415000
-0.597238	-1.666600
-0.539852	0.698900
-0.536416	-0.583910
-0.540836	-0.252420
-0.443628	1.224000
-0.254318	-0.835310
-0.305294	0.713400
-0.261542	1.027200
-0.239218	0.246200
-0.198198	-0.545400
-0.241614	1.892400
-0.141326	0.275600
-0.090418	-1.270670
-0.184954	-1.390410
-0.136640	-2.432330
-0.080680	-1.839800
-0.057514	-0.829510
-0.034344	0.697600
0.069620	-0.191800
0.074900	0.392600
0.133720	1.687200
0.214800	-0.272130
0.212220	0.324200
0.209440	-0.358940
0.210620	0.477500
0.161800	0.092700
0.203060	0.825900
0.094520	0.888300
0.120320	-0.656900
0.105780	-0.963980
0.136800	-0.715080
0.245280	2.367000
0.111800	0.812000
0.095020	2.375500
0.115600	-1.509740
-0.077692	-0.290200
0.020120	1.502400
-0.010370	-1.739180
0.182400	0.566600
-0.031302	0.055400
0.028260	-0.697640
-0.116292	0.186800
-0.280144	1.214800
-0.344304	0.567500
-0.232394	-0.342910
-0.309042	0.360500
-0.355434	1.170400
-0.368316	0.018200
-0.344716	1.033600
-0.607816	0.923000
-0.620302	-0.757500
-0.627302	-0.483550
-0.729396	-1.062410
-0.730818	-1.009200
-0.579314	0.282300
-0.565548	-1.305350
-0.782838	-0.521770
-0.619152	0.289100
-0.553802	0.255700
-0.543100	-0.271160
-0.624296	0.633500
-0.670826	0.085000
-0.599952	-0.231580
-0.468648	0.773500
-0.554958	-0.420250
-0.400926	-0.068310
-0.585608	-0.851200
-0.462742	-0.002070
-0.493172	0.423700
-0.385360	-0.947910
-0.371570	1.669400
-0.304466	0.430400
-0.250684	-0.534700
-0.270052	-1.581900
-0.316792	0.210900
-0.239784	0.001700
-0.249724	-0.755340
-0.149642	-0.066510
-0.006400	-0.585280
-0.113094	0.408300
-0.212370	-1.166040
-0.099590	2.060100
0.049160	0.282100
0.064380	1.835900
-0.062302	0.336200
0.129680	0.643500
0.122540	-0.241890
0.192520	0.163700
0.194800	0.015500
0.212760	-0.791620
0.199700	1.027200
0.118480	-0.390470
0.066340	0.477400
0.134860	0.426900
0.195040	-0.975700
0.151120	1.719800
0.198740	-0.376820
0.073680	-0.202070
-0.046506	-1.732790
-0.060900	1.689700
-0.041402	1.655300
-0.128332	0.319700
0.020500	-0.679610
-0.085148	0.600700
-0.112096	0.416100
-0.156504	-0.894610
-0.165178	0.949200
-0.200674	-2.046480
-0.305870	-0.149610
-0.388550	1.079200
-0.398176	-1.905170
-0.474828	-0.359730
-0.572934	1.252800
-0.497120	0.806400
-0.451630	-1.229340
-0.480984	-0.042370
-0.688362	-0.769630
-0.654726	-0.399550
-0.843232	0.986900
-0.620964	1.666800
-0.882794	-1.592600
-0.696814	0.344800
-0.468746	-0.411790
-0.576570	0.390400
-0.653944	-1.184380
-0.561452	0.328500
-0.613956	0.613300
-0.605954	0.168500
-0.530470	-0.273270
-0.609456	-0.142880
-0.418580	0.528100
-0.421124	-1.620030
-0.493044	-1.858900
-0.477224	-0.065290
-0.344974	-0.604090
-0.259314	0.266000
-0.316084	-0.383300
-0.342216	0.111000
-0.323928	1.491300
-0.303530	0.989600
-0.236296	1.893200
-0.187288	1.749900
-0.057416	-0.195280
-0.155974	-0.178150
-0.091356	-0.116190
-0.004676	-1.373550
0.015700	-1.236150
0.055840	-1.525750
0.110880	-0.169120
0.244700	1.112800
0.140520	-0.762380
0.100800	0.241400
0.159400	1.559100
0.038220	0.422400
0.173800	-1.558030
0.070980	0.724900
0.101500	-1.341950
0.111860	-1.299060
0.063480	-0.088430
0.113940	0.560100
0.101940	0.877700
0.100000	-1.088560
-0.007790	0.244800
-0.043118	0.521600
-0.001244	-0.115610
-0.024444	-1.006570
-0.147982	-1.328930
-0.006728	0.668000
-0.027684	1.083500
-0.197658	-0.829220
-0.222184	0.819100
-0.232858	0.662700
-0.240750	0.022400
-0.269634	-0.492220
-0.298840	0.119900
-0.531544	0.595900
-0.574846	0.869600
-0.441020	-2.300270
-0.407288	-0.260340
-0.503432	0.672000
-0.615342	-0.436970
-0.630328	0.540500
-0.939912	-0.768480
-0.659580	0.489700
-0.646046	-0.294130
-0.664306	-0.269080
-0.430756	-0.802890
-0.560550	0.506200
-0.716954	0.740100
-0.762882	0.618000
-0.718970	0.150300
-0.498030	-0.523370
-0.555660	-0.298230
-0.552860	-1.729700
-0.494706	0.629400
-0.428802	-0.235160
-0.468384	-1.000680
-0.414874	-0.221130
-0.286632	-1.163030
-0.185278	-0.822380
-0.200394	-0.527740
-0.272788	-0.941480
-0.313866	0.059000
-0.240334	-0.869190
-0.156238	0.541500
-0.168332	0.740100
-0.140394	0.819700
-0.066966	-1.469940
-0.044778	-1.308580
0.035300	-1.267650
0.016200	-0.523440
0.106160	-0.986580
0.071780	-0.800000
0.057880	-0.776620
0.101540	0.023700
0.140360	0.726800
0.094580	0.079400
0.208060	0.888300
0.191140	-0.550660
0.160760	-1.608510
0.111100	1.345200
-0.038384	0.719300
0.102980	-0.806150
0.083180	0.530000
0.091900	0.809100
0.094000	0.218500
-0.050576	0.842000
-0.108936	-0.030400
-0.021912	-0.375070
-0.003672	0.743000
-0.087234	-0.003230
-0.088000	0.603800
-0.215188	-0.317410
-0.319076	-1.154830
-0.121552	1.311400
-0.388172	-1.236880
-0.352956	0.183800
-0.330130	-0.657320
-0.332644	1.210400
-0.406320	0.403800
-0.473930	-1.055250
-0.343700	0.020300
-0.387292	0.569700
-0.596776	0.344700
-0.453644	0.306900
-0.642014	-0.516820
-0.745934	-0.173650
-0.617224	1.705700
-0.831412	-2.306990
-0.589724	-1.736540
-0.499080	0.728900
-0.513430	-1.589000
-0.644386	-0.846380
-0.577014	1.661800
-0.427554	-0.662940
-0.507920	0.374100
-0.465514	1.055000
-0.628904	-1.910780
-0.573074	1.364600
-0.508746	-0.101960
-0.546480	0.562500
-0.431092	-0.608150
-0.550870	0.606000
-0.344718	-0.087500
-0.324586	-1.726640
-0.238278	0.019500
-0.105596	0.238900
-0.112830	0.085200
-0.115408	1.676300
-0.090094	0.718800
-0.032672	-0.590560
0.038920	-1.233940
-0.031050	-0.487770
0.046680	2.822100
-0.040104	-0.927730
0.117140	-0.951860
0.101800	0.420300
0.059420	1.500200
0.070380	0.135200
0.096440	-0.094880
0.039860	-0.131180
0.181100	-0.651390
0.198880	-0.486480
0.095200	-0.474510
0.152100	1.667100
0.146080	0.771500
0.088700	-0.227290
0.037340	0.011900
0.119540	0.106900
-0.011482	-0.448490
-0.005604	-1.394240
-0.025414	0.437900
-0.038644	-0.320690
0.016980	-0.420700
-0.092808	0.361800
-0.143840	0.666500
-0.225052	-0.020960
-0.163048	-1.678600
-0.208294	-1.326670
-0.264780	-0.279670
-0.133910	-2.473110
-0.293788	-1.208600
-0.382836	0.369400
-0.334264	0.598200
-0.402122	0.669600
-0.502340	-1.611510
-0.523708	-1.306670
-0.433328	0.657100
-0.635162	0.193200
-0.748738	0.150800
-0.726880	-0.235650
-0.740276	-0.933030
-1.000000	0.296100
-0.761090	-1.892720
-0.683814	0.734300
-0.731904	-0.702960
-0.764532	-0.745270
-0.691020	0.598700
-0.478286	1.070500
-0.428746	-0.748090
-0.397452	0.662800
-0.544748	1.513100
-0.476940	-0.026950
-0.445342	0.867300
-0.431524	-0.143620
-0.326704	1.415400
-0.525292	-0.155380
-0.270810	0.842500
-0.189668	0.849300
-0.221182	-0.086070
-0.270782	1.894200
-0.121656	-2.801950
-0.176060	0.525200
-0.105764	-0.573450
-0.018668	-0.260600
0.071540	1.155600
0.001000	0.401100
-0.046690	0.628000
0.034380	-1.064560
0.060640	-0.829610
0.198640	-0.286370
0.107520	0.225900
0.101960	-0.468120
0.086220	-0.693410
0.089100	-0.224700
0.181020	-0.423560
0.245040	-0.199440
0.049840	-1.040280
0.189320	0.744300
0.137680	1.795700
0.006420	-1.699910
-0.004332	-1.585960
0.072340	1.157200
0.008900	-1.301790
0.072760	-0.478120
0.039900	-0.536440
0.048400	0.298600
-0.019012	-0.343070
-0.027458	1.677200
-0.226156	-0.193960
-0.258412	0.744100
-0.229854	2.356200
-0.240822	1.306500
-0.194818	1.760400
-0.182598	0.276000
-0.335858	-1.667140
-0.411484	2.240800
-0.348940	0.916800
-0.419430	-0.998650
-0.654588	0.837400
-0.565620	-0.984890
-0.435654	0.591600
-0.467044	0.976000
-0.575716	-0.469870
-0.623304	0.160100
-0.803628	-1.400820
-0.854412	-2.365900
-0.707522	-1.114810
-0.664588	-1.534310
-0.469690	0.227300
-0.575058	1.115200
-0.574272	0.842000
-0.494678	-2.218760
-0.570676	-0.152670
-0.434232	-0.524530
-0.415146	-0.365640
-0.447142	0.765900
-0.487104	1.311200
-0.309696	-0.484540
-0.395680	-2.157470
-0.347434	-1.133370
-0.410010	-1.121240
-0.235078	-0.989600
-0.418984	-0.246340
-0.266072	-0.507480
-0.219348	1.271800
-0.071128	0.375500
-0.043664	0.137200
0.018020	1.122200
0.032220	0.624100
0.001880	0.258600
0.071980	-1.331710
0.046240	-0.077400
0.164900	0.468100
0.130360	0.684000
0.022780	0.795400
0.012060	0.605600
0.070120	-1.078780
0.185020	0.167000
0.193620	-1.508400
0.220780	0.504200
0.184060	-0.506800
0.168700	0.345700
0.158840	-1.099150
0.052720	0.733200
0.010340	1.555600
0.063940	-0.298840
-0.051702	0.695000
-0.002642	-0.949670
0.003140	-0.260130
0.060560	-0.083940
-0.007082	0.710800
-0.045210	0.849300
-0.220180	0.099400
-0.188982	-1.434110
-0.281948	-0.980820
-0.090406	0.152600
-0.192854	-0.384320
-0.095028	0.745900
-0.246688	0.596800
-0.411930	-1.130780
-0.472744	0.824500
-0.593216	-0.571400
-0.741258	-0.540540
-0.667806	1.376000
-0.539878	-0.794950
-0.416326	0.300200
-0.533754	1.319800
-0.514712	-0.083830
-0.688716	-0.035710
-0.889644	0.509100
-0.705402	1.757200
-0.615818	0.612700
-0.614030	-0.167410
-0.544040	-0.971500
-0.486066	0.566400
-0.515476	-0.186000
-0.451818	0.433600
-0.368668	-0.845250
-0.427784	-0.941460
-0.345834	1.131500
-0.370784	0.803100
-0.403810	1.833700
-0.393552	-0.094830
-0.506240	1.135300
-0.407666	-0.186780
-0.256362	0.967500
-0.289052	0.019900
-0.229978	-0.611960
-0.072264	-0.683600
-0.108418	0.764800
-0.089292	-0.680010
0.061460	-1.142380
0.014600	2.030000
0.015540	2.790500
0.042720	-0.658090
0.040680	0.531400
0.185320	1.161300
0.100580	0.432400
0.057800	0.359600
0.156640	0.638500
0.112760	0.195300
0.236540	1.756300
0.075380	1.052100
0.078520	-0.021430
0.090900	0.112300
0.046140	1.866200
0.115180	0.548900
0.058420	-0.172500
-0.096610	0.307000
-0.045756	0.282100
-0.016562	1.701700
-0.066186	0.757400
0.107840	1.796000
-0.025758	0.618700
-0.041724	-0.347620
-0.028166	-0.017090
-0.197428	-0.385100
-0.149028	-0.359770
-0.056412	-1.517750
-0.009372	-0.548870
-0.091764	0.685700
-0.254222	-0.008250
-0.337862	1.270300
-0.237506	0.308800
-0.463160	-0.960550
-0.518140	0.103000
-0.646580	1.720400
-0.446014	-0.066280
-0.581498	2.056200
-0.603822	1.249600
-0.749212	-0.455760
-0.568540	-1.287500
-0.580396	0.332300
-0.688734	0.446800
-0.609346	0.391200
-0.645272	2.204100
-0.649208	-0.699950
-0.621604	1.444000
-0.692486	1.094800
-0.629126	0.145900
-0.600916	-1.191310
-0.452280	0.288100
-0.421470	1.447000
-0.473204	0.768000
-0.500530	0.643700
-0.392132	-0.896310
-0.322826	-0.734410
-0.422978	0.857900
-0.211232	0.897300
-0.291242	-1.583690
-0.198950	0.238100
-0.008406	-0.565590
-0.203264	0.692300
-0.173826	0.368800
-0.090902	0.577800
-0.112876	-0.070010
-0.079218	-0.905400
-0.032312	-0.673240
0.236020	0.325800
0.101420	-0.234410
0.067400	-1.369880
-0.001502	1.706100
0.058880	0.162300
0.168120	-0.290470
0.148340	-0.541130
0.229460	0.089000
0.161420	0.574000
0.224840	-2.048750
0.165440	0.195500
0.097300	0.386300
0.165500	0.231900
0.189820	-0.064610
0.011800	1.484000
-0.094488	1.339400
-0.077888	-0.570470
-0.048812	-0.623690
0.077780	0.383200
-0.028062	-0.501770
0.143840	-0.749800
0.039840	-0.783650
-0.076740	-1.307580
-0.032898	0.635200
-0.156530	0.673400
0.018940	-2.599210
-0.226566	1.070900
-0.270174	0.607700
-0.375046	0.256800
-0.272272	1.042800
-0.432598	-1.581030
-0.497010	-0.931790
-0.539352	-1.234140
-0.578432	-0.030240
-0.518338	-0.013250
-0.561894	0.579000
-0.767480	0.380500
-0.721554	-0.669400
-0.515458	-0.475390
-0.656496	-0.223410
-0.502680	0.851700
-0.534710	0.085400
-0.578806	0.867700
-0.692876	-1.398740
-0.703412	-0.925340
-0.523490	1.885500
-0.448176	0.340700
-0.393874	-0.243840
-0.431886	-0.569650
-0.465806	1.329200
-0.526742	0.673400
-0.383878	-1.017450
-0.419502	0.996900
-0.288286	0.936300
-0.334160	1.323400
-0.295692	1.436700
-0.282980	-0.636920
-0.138818	-1.965650
-0.079782	-1.408830
-0.070142	-1.713210
-0.122486	-0.724590
0.082800	1.108300
0.112100	-0.075230
0.048700	0.801100
-0.008658	-0.134050
0.134960	0.360300
0.270400	0.897500
0.148080	-0.502720
0.046040	-2.012980
0.033960	-1.279710
0.174040	-0.183780
0.130240	-3.301830
0.269080	-0.320670
0.406860	0.456000
0.208080	-1.172740
0.237900	-0.463650
0.284240	0.743200
0.188900	-1.039760
-0.027750	0.122500
0.023800	1.458000
0.070700	0.503400
-0.043818	-0.746180
0.055680	1.112900
-0.066886	0.450300
0.084940	-0.794830
0.068340	0.593200
0.028940	-0.030120
-0.078440	-1.546750
-0.227502	0.595900
-0.170884	0.051900
-0.193894	-0.822920
-0.282962	0.018400
-0.411136	0.243600
-0.414234	-0.192110
-0.340840	0.426100
-0.400670	0.585100
-0.593494	-0.856130
-0.553986	-0.461920
-0.331354	0.584100
-0.567690	-0.511600
-0.620842	-0.444140
-0.471694	0.547800
-0.519556	0.632700
-0.713782	0.510900
-0.662452	-1.476830
-0.658398	0.852500
-0.483604	0.154500
-0.647120	-0.222450
-0.552898	-0.773860
-0.598676	2.389300
-0.514480	0.569900
-0.509502	1.270300
-0.584892	-0.453230
-0.417784	0.115700
-0.410684	1.398700
-0.345036	0.538900
-0.388818	-0.480470
-0.510386	-0.309510
-0.322492	-0.378780
-0.106550	-2.593870
-0.146328	0.302600
-0.105042	1.119700
-0.184742	-0.884310
-0.072576	-0.714860
0.020100	0.377900
0.035200	1.237900
0.045220	-0.027190
0.027720	1.184400
0.038320	-0.216380
0.017320	0.652700
0.158840	0.395300
0.238920	0.068800
0.131880	-0.192870
0.255780	-0.421880
0.280840	-0.695240
0.140300	-0.725760
0.309000	1.446200
0.388220	-0.641630
0.315100	0.871900
0.244240	-1.307970
0.151820	-0.963730
0.173420	-0.184500
0.084040	-0.648060
0.161480	0.348800
0.148440	0.954200
0.069440	-0.205460
0.092280	-0.116240
0.024440	0.618800
-0.006322	0.679600
0.074240	-0.127750
0.042660	-0.199940
-0.030264	-0.894760
-0.178966	0.563900
-0.299238	-0.686080
-0.207708	-0.509910
-0.245940	0.168500
-0.286176	0.383500
-0.334052	0.507100
-0.267968	1.282500
-0.205392	1.024700
-0.493194	0.138100
-0.423056	0.344800
-0.529822	0.210600
-0.509456	-0.435300
-0.441242	-0.356690
-0.462340	1.038300
-0.457460	-0.880980
-0.637292	0.369500
-0.493086	0.276300
-0.488556	-0.748280
-0.582920	1.085500
-0.654066	0.828000
-0.615054	0.838800
-0.612848	-0.190590
-0.569036	0.247800
-0.395332	0.843500
-0.577644	0.720500
-0.480750	-0.104070
-0.482864	-1.124420
-0.508622	-0.120120
-0.392058	0.614800
-0.398888	0.256400
-0.304020	0.565400
-0.111660	0.924200
-0.224098	0.423300
-0.125926	-0.799170
-0.095794	0.560900
-0.093548	0.807700
0.010380	-0.819020
0.136880	0.075300
0.018360	0.833600
-0.016174	-2.520490
0.068600	-0.510400
0.016900	0.871900
0.096960	0.711600
0.255100	-0.760640
0.091820	1.037600
0.187040	-1.722650
0.314080	0.358800
0.304740	-0.836520
0.078060	-1.780130
0.340840	-1.707400
0.174980	-0.848050
0.240400	0.134400
0.138480	0.468800
0.127340	-0.036490
0.153160	1.469000
0.139220	-1.226200
0.212580	0.107400
0.175700	-2.009370
0.072380	-1.013370
-0.047498	1.644700
0.000540	1.018600
-0.006174	-1.653950
-0.003284	-0.988010
-0.008202	-0.557330
-0.242982	0.657200
-0.232582	-1.337980
-0.106728	-0.418840
-0.219536	-0.234900
-0.168044	0.396500
-0.232328	0.089900
-0.390876	2.217100
-0.411064	-1.523900
-0.497324	-0.796740
-0.435372	0.891900
-0.439708	0.160700
-0.467770	1.518600
-0.465074	2.595400
-0.643916	-0.024280
-0.426930	-0.362350
-0.694174	0.179200
-0.658038	0.198500
-0.566234	-1.594070
-0.548516	-0.521190
-0.720690	0.180200
-0.714172	-0.707590
-0.667644	-0.618010
-0.579404	1.074600
-0.678580	-0.071160
-0.464318	0.745800
-0.477292	0.430300
-0.322432	-2.926030
-0.429578	-1.395140
-0.423240	-0.708810
-0.324244	0.756300
-0.236958	0.570800
-0.020174	-0.296690
-0.101288	0.201700
0.013900	0.278700
-0.014754	-1.538830
-0.214586	-1.013820
-0.039300	0.100500
0.083080	0.290400
0.121940	-0.363550
0.047580	-0.403570
0.063280	2.515400
0.124140	-0.523220
0.116060	-1.761920
0.223940	0.756100
0.276720	-0.411650
0.269420	0.156900
0.249560	-0.215110
0.302620	1.061500
0.291340	0.570100
0.318500	0.724700
0.250840	-0.234080
0.191700	0.284400
0.076740	1.901400
0.112660	1.710200
0.192100	-0.859130
0.038480	0.735300
0.098900	0.105100
0.125240	-0.249980
0.085060	0.030500
0.032320	1.139200
0.037880	-0.230950
-0.059108	0.132400
-0.131450	0.781700
-0.046120	0.942500
-0.064514	-0.933750
-0.097096	1.058000
-0.143078	-2.903990
-0.156236	-0.776750
-0.125382	0.160400
-0.261978	-0.333330
-0.313620	0.471900
-0.425276	-0.080980
-0.456812	1.785800
-0.381916	0.331200
-0.412834	-0.881520
-0.441298	0.328700
-0.600762	-1.468730
-0.507166	1.092000
-0.609474	1.520000
-0.517484	2.067600
-0.496342	-2.090800
-0.494478	-0.634930
-0.563106	0.218200
-0.611834	0.201000
-0.707552	-0.138410
-0.724292	2.177900
-0.588634	1.186300
-0.662656	1.150300
-0.356550	-0.796810
-0.298848	-0.531550
-0.436120	-0.770290
-0.362988	-0.003210
-0.310214	0.361200
-0.416648	-0.702520
-0.172434	-1.126950
-0.064844	1.097300
-0.066804	0.608500
-0.033860	-0.154340
-0.005312	0.444400
-0.076578	2.298300
0.074380	-0.164100
-0.014664	-0.364440
0.083260	1.330600
0.121400	1.111500
0.236280	0.275600
0.275400	0.229500
0.270080	-0.337810
0.268380	-1.273110
0.323380	-1.118740
0.258140	1.133700
0.259920	0.385500
0.265360	0.807900
0.376180	-1.205100
0.380220	-0.965940
0.395100	0.749900
0.444580	1.428800
0.276120	0.787600
0.181420	-0.488140
0.278560	0.360700
0.262420	1.247600
0.107360	2.381300
0.098800	-1.010400
0.182660	0.332500
0.050400	-0.716900
0.004720	0.427500
0.007820	0.990800
-0.042930	-1.371140
-0.037710	0.661200
-0.158304	-1.089170
-0.077202	-0.451630
-0.166278	1.261900
-0.160230	-1.895460
-0.240892	-0.716930
-0.362076	-0.736210
-0.170610	0.083000
-0.266528	0.574300
-0.306424	-0.039060
-0.292620	-1.183250
-0.286584	0.522100
-0.400270	0.882400
-0.560232	-2.505080
-0.524624	0.327900
-0.635154	1.086800
-0.457214	0.546200
-0.664974	-0.641720
-0.469098	-0.145260
-0.529434	-1.644570
-0.600182	-0.093330
-0.505434	-1.677210
-0.611870	1.016600
-0.594930	0.041400
-0.531806	-1.707720
-0.466304	-1.507550
-0.449220	-1.991450
-0.524206	0.560400
-0.439614	0.665100
-0.358686	-0.919080
-0.332346	-2.260620
-0.166004	-0.138780
-0.102782	0.623600
-0.062500	0.773600
-0.122466	2.988500
-0.025040	-0.366470
-0.093810	-0.031450
0.177400	0.370500
0.173640	1.304000
0.108580	0.056400
0.079180	-1.253380
0.240320	0.496300
0.340000	-0.958210
0.248560	1.283800
0.278380	-0.667420
0.305920	0.034600
0.355720	-0.626040
0.254780	-1.319660
0.477200	0.379200
0.304700	-0.266530
0.351320	0.106800
0.468620	-0.751200
0.427820	-1.267480
0.434880	0.077600
0.418900	-0.501310
0.298720	-1.299100
0.188120	-0.768630
0.129460	-1.979240
0.168840	-0.890410
0.048220	-0.172060
0.065360	-0.151850
0.061520	-1.297210
-0.090978	0.129200
-0.016774	-0.079470
0.016580	-0.686630
0.006980	-0.840480
0.037720	-2.259700
-0.151002	-0.267880
-0.170392	0.030800
-0.124712	-0.492210
-0.156116	1.856800
-0.207448	0.315500
-0.089404	0.479800
-0.227712	0.940100
-0.357856	-0.199170
-0.471606	1.533300
-0.382754	-3.024130
-0.391674	-1.033580
-0.593484	0.141400
-0.537510	-0.157060
-0.491624	1.679600
-0.503692	-1.526630
-0.515634	1.083000
-0.585076	0.100500
-0.489020	-2.062800
-0.408114	-1.256940
-0.503314	-1.453980
-0.485490	0.504000
-0.530192	-0.814120
-0.382338	0.630500
-0.360332	-0.450550
-0.524680	0.112900
-0.392170	-1.032820
-0.297062	1.653500
-0.127710	-0.714860
-0.101874	-0.450230
-0.041904	0.857600
-0.026938	1.246100
-0.061368	-1.236210
-0.030672	-0.696510
0.099420	-2.587530
0.184080	-1.683970
0.156760	0.138500
0.169800	-1.473230
0.150400	1.164500
0.306100	-0.818490
0.192300	0.245300
0.287040	0.676700
0.238920	-0.546140
0.382840	-1.230150
0.328280	-0.730670
0.382540	0.370200
0.593160	0.263100
0.389700	1.868800
0.442700	-0.023110
0.523720	0.791800
0.533280	0.016500
0.382660	-0.101900
0.329940	0.653200
0.243680	0.244200
0.278020	2.422000
0.083800	0.605400
0.190580	-0.592640
0.220500	-0.403170
0.060940	0.888800
0.095640	-1.459530
0.009220	1.077100
0.102780	1.033000
0.128240	-0.847400
-0.078308	-0.042490
-0.065506	1.179900
-0.206056	1.609500
-0.173080	0.760000
-0.127842	1.720700
-0.277054	0.123900
-0.294008	0.593300
-0.167396	-0.019900
-0.372672	0.619800
-0.325776	-0.420120
-0.346574	0.247900
-0.401998	-0.922160
-0.495854	0.105600
-0.533498	-0.463780
-0.524558	-0.555740
-0.638306	1.935300
-0.503280	-0.260920
-0.629324	0.996400
-0.648032	0.972800
-0.449842	0.009700
-0.459578	0.506200
-0.461160	-0.612390
-0.430154	0.776100
-0.528440	0.552900
-0.392846	-2.044000
-0.337006	-0.188460
-0.369738	-0.927780
-0.333862	-0.008950
-0.355886	1.332900
-0.122702	0.473300
-0.134324	-0.296820
-0.066816	-0.557720
0.047040	-0.747040
0.051960	-0.433170
0.104480	0.410000
0.067440	-2.794500
0.159240	0.253100
0.096760	-1.097650
0.173200	0.044300
0.192840	0.337200
0.187960	-1.496100
0.166080	-0.277830
0.274300	-1.299060
0.280100	0.260600
0.401720	1.096300
0.353120	-0.272780
0.269540	-1.839010
0.583960	0.400200
0.429120	0.842100
0.421720	0.005100
0.413140	-0.342770
0.582020	-1.020920
0.540680	0.387200
0.452580	0.225700
0.456260	0.446700
0.488620	-1.198660
0.459340	2.231800
0.381160	-0.053900
0.363280	-0.920850
0.214160	0.226500
0.085300	0.725300
0.143060	0.124700
0.001120	0.769900
-0.043442	-0.226980
0.019960	-0.630670
-0.018008	-0.041040
-0.012654	-0.824210
-0.110348	-0.482830
-0.277142	0.711300
-0.195252	1.030000
-0.276248	-0.080160
-0.386572	-0.308650
-0.419898	0.892000
-0.362908	-0.325700
-0.562206	0.064800
-0.602150	1.441300
-0.533826	-1.363430
-0.543254	-0.344620
-0.398006	-2.169540
-0.469004	-2.492090
-0.559360	-0.569810
-0.490752	-1.091430
-0.546672	1.513500
-0.290534	-1.890970
-0.308760	0.783400
-0.252240	-0.413580
-0.456422	-0.020660
-0.477728	0.553700
-0.410936	-1.772480
-0.427910	0.361100
-0.209828	0.761600
-0.273172	-1.372470
-0.286198	-1.144070
-0.180936	0.508000
-0.090332	2.218300
-0.079754	-0.115270
-0.061350	-1.296990
0.069840	1.537700
0.163860	-0.235470
0.059980	0.542900
0.117600	-0.826720
0.183440	0.720000
0.071600	-0.436770
0.087240	0.828000
0.307940	-0.183210
0.160880	0.591300
0.182940	-0.066890
0.334200	1.105700
0.339260	-1.734360
0.462960	-0.786110
0.415020	-1.258760
0.558280	0.716800
0.432840	-0.478260
0.370540	-0.840730
0.461200	-0.157470
0.506920	1.327000
0.441240	-0.227820
0.425820	1.404200
0.493020	-0.243970
0.443640	1.281100
0.459920	0.060500
0.443180	0.465800
0.388900	-0.147220
0.265860	0.539100
0.206460	-0.144760
0.163640	1.134200
0.178040	-0.093860
0.047020	1.376300
0.004280	1.060000
0.008280	0.510800
-0.097986	-1.412920
-0.174860	-1.290730
-0.125926	0.862700
-0.233720	0.201900
-0.267274	0.224300
-0.319354	-1.367780
-0.257514	0.342300
-0.281368	-0.434960
-0.525312	-0.060530
-0.463510	-0.197780
-0.401458	-0.298780
-0.301042	0.101000
-0.494934	-0.915370
-0.505128	1.746200
-0.408674	-0.648000
-0.502036	-0.812860
-0.444994	-0.204040
-0.434236	-0.083430
-0.429422	0.998500
-0.252570	-0.767190
-0.349572	-0.641100
-0.431874	-0.649180
-0.415518	0.958200
-0.263692	2.886800
-0.259576	0.575300
-0.291608	1.113800
-0.265516	-0.546900
-0.144902	0.755300
-0.049536	1.387300
-0.074042	1.186200
0.000240	0.698000
0.098920	-0.987080
0.220420	0.250400
0.218380	1.419800
0.119140	-1.354710
0.243820	0.594600
0.249540	0.410200
0.184880	1.005400
0.283160	0.452500
0.299440	-0.437450
0.306100	-1.232530
0.395780	0.700900
0.214260	1.583900
0.472500	-0.859110
0.435520	1.125900
0.488600	-0.092340
0.474480	0.035800
0.407460	-0.603210
0.355060	-0.257040
0.546920	-0.889760
0.449480	1.124800
0.493860	-1.686930
0.473880	0.536400
0.208280	0.642600
0.235580	0.040100
0.379220	1.419500
0.194840	-2.036160
0.193740	-0.272220
0.256560	0.813700
0.161320	0.405200
0.158680	0.807300
0.121940	0.066500
0.034240	-1.725220
-0.036906	0.226600
0.054200	-0.097940
-0.105456	1.337900
-0.236466	-2.060740
-0.180266	0.432400
-0.290018	0.501900
-0.272524	-0.408750
-0.373954	0.735500
-0.392294	-0.622290
-0.430124	0.012300
-0.394582	-0.839050
-0.282672	0.199100
-0.411218	0.898500
-0.527072	-0.792550
-0.487060	1.470800
-0.528048	-0.001660
-0.516684	-2.053440
-0.445058	1.258800
-0.464336	-0.244450
-0.520076	1.264900
-0.416138	0.168900
-0.343480	0.089600
-0.446696	-0.190100
-0.494102	-1.242390
-0.441766	-2.242560
-0.267956	-0.792920
-0.221944	-0.877220
-0.103816	-2.473280
-0.136588	1.543900
-0.044518	0.355800
0.087840	1.010100
0.021280	-0.177810
0.162360	0.434500
0.114060	-1.076620
0.192680	-0.108840
0.116680	0.491900
0.203400	0.370100
0.256720	-1.407680
0.372740	-0.663030
0.388200	0.804700
0.372460	0.098000
0.208100	-2.331240
0.367500	-0.073630
0.470860	-1.214170
0.476900	-0.305110
0.557680	-0.944080
0.512860	1.071600
0.547820	-0.225150
0.467560	1.544100
0.517540	0.448700
0.467400	1.879700
0.577580	0.465900
0.443000	-0.365050
0.492940	-1.206720
0.242240	0.231600
0.326360	-1.226880
0.332040	-0.144310
0.301580	0.453500
0.362760	1.666100
0.285880	-1.142980
0.202440	1.606300
0.140040	0.905700
0.053800	1.390600
0.019920	1.070000
0.040420	0.382300
0.037320	-1.270690
-0.012376	0.614800
-0.093476	-0.296680
-0.099324	-2.756220
-0.214366	-1.540200
-0.205500	1.885200
-0.097712	-0.387180
-0.145528	-1.575370
-0.250216	1.042900
-0.182128	0.284800
-0.377898	0.075800
-0.489032	-2.119690
-0.359538	-0.633850
-0.359000	0.763900
-0.461124	-1.556230
-0.433222	-0.145060
-0.333502	0.021500
-0.294084	0.498300
-0.484988	0.453700
-0.442550	1.196200
-0.249736	0.141400
-0.341472	0.161300
-0.239274	-0.028840
-0.318744	-0.127610
-0.275646	-0.500360
-0.344778	-0.396910
-0.075106	0.474300
-0.157854	-0.959690
-0.020998	-0.340890
0.081100	0.947600
0.171220	0.798900
0.014260	-0.720880
0.083840	0.466800
0.027780	-0.783580
0.160940	-0.846040
0.112660	0.503600
0.196880	-1.762920
0.323660	0.039900
0.283460	-0.427920
0.242200	-0.818320
0.178740	-0.105050
0.371300	1.114400
0.317020	0.668900
0.390380	1.273700
0.457140	-0.686750
0.374440	0.826100
0.529020	0.201000
0.473100	1.221700
0.583400	-0.451430
0.630780	0.854100
0.655220	-1.059860
0.560080	-3.236140
0.431960	-1.638340
0.434940	-0.516920
0.345740	-0.499740
0.422680	0.537900
0.279380	0.459200
0.192600	1.276200
0.174920	0.213600
0.099760	-0.686750
0.179120	-0.310430
0.100160	1.000800
0.080000	-0.307750
0.131920	0.275700
0.052540	0.131600
-0.078244	-0.220670
-0.109252	0.718500
-0.168352	-1.011500
-0.162320	-0.650020
-0.167008	-0.269860
-0.211490	-1.096210
-0.176722	-0.759790
-0.247612	0.083400
-0.213342	-0.577530
-0.344674	-0.334490
-0.382320	-0.898840
-0.096180	0.951500
-0.154660	-1.774880
-0.310584	0.309100
-0.328630	0.889900
-0.308368	0.455900
-0.429284	0.165200
-0.257626	-1.247440
-0.390322	-1.774330
-0.258822	-0.323670
-0.290838	-1.145650
-0.158778	-1.707510
-0.380888	0.312700
-0.252540	1.252900
-0.231712	0.927500
-0.073812	-0.433780
-0.040794	-1.308020
-0.080652	0.685700
0.014300	0.119800
0.035320	-0.697200
-0.027668	-0.106070
0.087280	-1.615350
0.023800	-0.023740
0.235960	0.193300
0.208780	-0.319090
0.067340	0.246800
0.165940	1.938000
0.297620	0.684000
0.368520	-1.003300
0.457900	1.203200
0.418200	0.475200
0.462580	-1.029200
0.559560	-0.647830
0.398860	-0.696680
0.593480	-0.809530
0.552880	-0.794200
0.588440	0.986600
0.597580	0.595000
0.450420	-0.978590
0.540200	0.755200
0.459440	0.172200
0.528900	2.054100
0.448680	1.259000
0.282620	0.437700
0.331660	-0.015490
0.344780	1.004800
0.323800	-0.260230
0.242320	1.501200
0.108920	-0.044320
0.192320	-0.377820
0.205700	-1.458460
0.025500	-1.022730
-0.014738	-0.134810
0.073000	0.478100
-0.077244	-0.322160
-0.114828	-0.212280
-0.121238	1.887200
-0.127158	0.394000
-0.144516	0.832700
-0.311156	-0.973380
-0.245152	1.108600
-0.271066	0.710300
-0.246198	1.201100
-0.219460	-1.485470
-0.233788	-1.235430
-0.176702	-0.361140
-0.168038	-0.872730
-0.195326	0.290900
-0.283686	0.961500
-0.307868	0.025100
-0.430560	0.533300
-0.313292	-0.526260
-0.138820	-0.523940
-0.165578	-0.726380
-0.300564	-0.099040
-0.237760	1.335700
-0.194374	1.046200
-0.104564	-1.679880
-0.209026	-0.244780
-0.079198	-0.592780
-0.028520	0.204300
-0.110818	-0.735530
0.134800	-1.033180
0.081360	0.790000
0.050740	-1.751230
0.000660	1.222600
0.058220	-0.037960
0.131700	-0.750730
0.338400	-0.944900
0.326460	0.431300
0.268000	0.716500
0.290520	0.499200
0.441740	-1.347780
0.527460	0.441000
0.585240	-0.123790
0.354380	-0.341420
0.576260	-0.496170
0.544780	1.218800
0.674900	0.198600
0.664040	-1.810320
0.541740	0.090100
0.526280	-0.472690
0.514640	0.494100
0.499080	-1.371940
0.403420	0.182400
0.449040	-1.201400
0.449880	-2.103010
0.236720	-1.111420
0.312120	0.238700
0.326480	1.331300
0.451500	0.306400
0.417920	-0.863490
0.281340	0.680700
0.365820	-2.770880
0.289120	-0.310100
0.064240	0.875400
0.071900	-2.505500
-0.042838	-1.205130
-0.015524	0.371700
0.018840	2.112000
-0.012976	1.488600
-0.160112	2.545900
-0.165956	1.057700
-0.199900	-0.748730
-0.229478	-2.196440
-0.309246	-0.013080
-0.062200	0.923900
-0.163180	-0.202650
-0.278448	0.349900
-0.245614	-0.728330
-0.254576	0.401000
-0.164500	1.528800
-0.349044	-1.270190
-0.394012	0.773900
-0.312312	-0.044010
-0.046290	1.345600
-0.222998	-1.078370
-0.286070	0.438300
-0.246768	0.142300
-0.195088	0.949200
-0.144952	0.561200
-0.167350	-0.402830
-0.194458	-0.401530
-0.065184	-1.060140
0.079260	0.248100
-0.051482	0.506800
0.115780	-0.103590
0.137080	0.179100
0.081380	-0.889120
-0.017164	-0.676730
0.146140	0.535100
0.269280	0.183800
0.330320	2.250000
0.300640	-0.502090
0.170180	0.466500
0.184480	-0.698250
0.468020	0.821500
0.427740	0.932200
0.531040	0.833300
0.519520	-0.794160
0.565920	0.341600
0.509020	0.096300
0.626940	0.022400
0.621140	0.759800
0.538120	0.424300
0.443420	-0.473540
0.493420	-0.617640
0.411260	0.256300
0.485660	1.522800
0.386980	-0.823700
0.454540	0.119700
0.501160	0.512500
0.324400	-0.051880
0.292760	0.987200
0.312620	-0.587910
0.299760	-0.048890
0.344960	-0.001000
0.350600	-1.533360
0.204780	-0.406230
0.108800	0.961600
0.025580	-1.464490
0.098740	0.053100
-0.065784	-0.432980
0.038260	1.211900
-0.069390	-0.772550
-0.122500	0.016200
-0.133094	-1.298160
-0.121510	0.656200
-0.244110	0.227600
-0.241716	0.925700
-0.115984	1.360100
-0.208338	-0.250180
-0.283680	0.479300
-0.162262	-1.241340
-0.208904	-0.212220
-0.288768	-0.281250
-0.211348	-0.678480
-0.187218	0.042300
-0.240000	0.295300
-0.160976	-1.011330
-0.271806	-1.408510
-0.324460	2.045100
-0.067106	-0.075730
-0.106002	-0.542740
-0.064914	-0.348280
0.030300	-1.298590
0.199660	1.093700
-0.034654	-0.096240
0.056660	-0.148950
0.026100	-0.334870
0.036520	-0.019040
0.125940	0.623500
0.067900	1.019600
0.168760	-0.048590
0.242760	1.176100
0.303440	0.656200
0.415200	1.031200
0.224020	-1.091150
0.281540	-0.859160
0.250020	-1.061640
0.434500	0.243900
0.482280	-1.064140
0.499680	-0.539390
0.520960	-1.257450
0.559460	1.321500
0.584340	-1.008490
0.491320	0.648400
0.515620	0.028800
0.443080	0.193200
0.556320	-0.027040
0.555260	1.253100
0.425700	-0.403440
0.446780	0.756800
0.457580	-1.562090
0.454840	-0.874410
0.500220	-0.576030
0.434880	1.067200
0.336360	-1.079440
0.286800	-1.532610
0.256980	-1.213500
0.315520	0.215600
0.275220	-0.970340
0.278140	1.898700
0.196420	-1.690820
0.020120	-2.448810
0.105820	-1.221710
0.025220	0.050400
0.042800	0.831800
0.020420	1.331500
-0.100728	1.135200
-0.013578	0.346700
-0.115814	-0.776870
-0.164816	-0.115480
-0.216782	1.001800
-0.154214	-0.978190
-0.200720	-0.963290
-0.276088	2.890200
-0.237826	0.279100
-0.210148	-0.320520
-0.232738	0.052900
-0.107466	0.888100
-0.167882	1.476600
-0.382768	-0.405960
-0.178504	0.427800
-0.157738	1.192600
-0.184002	-0.235100
-0.154552	-0.411930
-0.104866	1.874500
-0.102452	-0.976870
-0.018712	0.157400
0.025960	0.595300
0.059700	-0.407630
0.038960	0.201900
0.054900	0.395600
0.157580	-0.354850
0.161120	-0.004800
0.143780	1.510900
0.263560	0.902400
0.207460	0.487200
0.227640	0.644000
0.303100	1.363100
0.403340	-1.822830
0.261200	0.016200
0.295880	-0.357010
0.356360	0.551200
0.440100	0.438200
0.416240	0.380200
0.484580	-0.960350
0.628580	0.406100
0.693080	0.802900
0.541620	0.758000
0.446360	-0.499430
0.580440	-0.401150
0.390540	0.633600
0.378980	-0.324410
0.534160	-2.292720
0.548100	0.257000
0.423360	-0.929700
0.441300	-0.490130
0.542260	0.101200
0.447060	0.671900
0.418700	0.659200
0.452900	0.363100
0.337460	1.189300
0.317060	-1.638330
0.281080	0.433100
0.144020	-2.475290
0.091580	-0.601770
0.049500	0.211400
0.054960	0.171500
0.045300	-1.839450
0.017800	-0.096460
-0.066358	-0.711410
-0.017152	-0.388070
-0.060012	-0.403410
-0.094308	-0.547040
-0.059404	0.007600
-0.145314	-0.117750
-0.108490	-0.496030
-0.062690	0.909600
-0.191548	0.123600
-0.255716	0.118500
-0.225444	0.338200
-0.191796	0.021000
0.017200	0.447500
-0.159342	1.564200
-0.187264	-1.117370
-0.133666	-0.795320
-0.065352	-0.540470
-0.133508	0.072500
0.040220	0.536200
0.084160	0.643100
0.048520	-0.765910
-0.012996	2.299500
-0.044974	-0.587400
-0.051594	1.334100
-0.007722	-1.530340
0.000260	1.002100
0.314180	-1.081180
0.290400	0.039400
0.288420	-0.300720
0.273300	-1.157630
0.330900	0.445700
0.287840	-2.059460
0.264040	1.507900
0.474720	0.087400
0.462380	-1.537460
0.366360	-0.773990
0.362360	-0.405590
0.379380	-0.367950
0.496720	-1.182100
0.601620	-0.025090
0.663080	1.094100
0.833640	-1.355240
0.589880	2.232500
0.440740	-0.521270
0.640600	1.322800
0.541800	-0.713960
0.685400	-0.696330
0.626900	-1.216660
0.584140	-0.007240
0.567700	1.153100
0.473280	-2.241110
0.500240	1.469400
0.396080	1.447200
0.208600	0.431600
0.482720	1.478700
0.390100	-2.161980
0.313540	0.548500
0.217560	0.678400
0.283040	-2.142430
0.189920	-3.348700
0.086260	-0.311610
0.105220	-0.077760
0.042040	0.056100
0.010960	-0.880550
0.084560	0.613700
-0.055758	-0.012600
-0.060870	-0.358640
-0.044412	0.792200
-0.131470	0.369800
-0.232128	0.474400
-0.281358	-1.472480
-0.196340	0.106900
-0.057528	2.323700
-0.228260	0.858700
-0.111730	-0.212520
-0.221750	0.633600
-0.091672	0.778100
-0.248760	-0.677670
-0.088260	-0.889540
0.029680	-0.511250
0.000160	0.481300
-0.078822	-0.988630
0.009740	0.508900
-0.027694	-0.949330
-0.153574	0.253000
-0.038064	0.842200
-0.054944	-1.891400
0.069020	-1.190810
-0.063878	1.604200
0.037000	-1.104080
0.226640	-0.161740
0.168500	0.117900
0.212560	-0.601410
0.153160	-0.033830
0.229760	-0.320750
0.294780	0.284500
0.256300	-0.464970
0.410960	1.467900
0.349660	-0.551070
0.452780	0.381400
0.471880	-0.044300
0.448340	0.708000
0.657020	-0.414840
0.441200	0.160500
0.540700	0.745000
0.797560	-1.530690
0.655700	-0.092240
0.636120	-0.599510
0.615280	0.344600
0.674420	0.527400
0.662060	1.925100
0.526860	1.208000
0.648060	0.862200
0.509340	1.356800
0.514620	0.476000
0.540320	-0.922050
0.464420	0.331600
0.356880	0.892700
0.429940	-0.355400
0.435360	-1.143630
0.382800	-1.152210
0.276300	1.786100
0.238440	1.000900
0.247780	0.306000
0.140260	0.716900
0.130660	0.073300
0.110160	-0.797950
0.047800	-0.796320
0.085860	0.176000
-0.004006	-1.009170
0.020460	0.280900
0.002260	0.323700
-0.055614	1.909300
-0.181880	-0.447790
-0.089670	-1.152420
-0.179176	-2.083650
-0.217022	-1.689870
-0.289684	2.003500
-0.130626	0.522100
-0.122214	0.025100
-0.173020	0.233100
-0.094066	1.014700
-0.086658	-0.399120
-0.101176	-0.007310
-0.114116	1.540100
-0.032206	1.465500
-0.021264	0.592900
-0.054512	-0.282380
-0.103044	-0.538720
-0.032300	-0.415340
-0.098614	-0.495870
0.095120	-0.336210
0.079200	-1.750320
-0.013644	0.819200
0.085780	0.007400
0.111340	0.557100
0.154280	-1.448370
0.318420	0.206000
0.338520	-0.240880
0.221220	0.600600
0.210100	-0.138970
0.486620	-0.929410
0.498980	1.638500
0.403580	0.584900
0.561840	0.136600
0.459240	0.383100
0.662140	-2.355430
0.480340	-1.042220
0.533340	-1.634670
0.820880	0.498500
0.833120	-0.574020
0.568780	0.599200
0.566200	-1.162380
0.657460	0.152900
0.496960	-0.383000
0.469440	0.451700
0.609400	-1.182000
0.260660	-1.806120
0.393540	0.156700
0.532880	-0.166420
0.440860	0.204900
0.499860	-1.517820
0.316520	-1.930220
0.439740	0.214100
0.446780	-1.300850
0.287620	-0.122380
0.267320	1.523300
0.164540	0.830800
0.141700	0.714300
0.085760	0.516500
0.026740	-0.324150
0.090320	0.394200
0.035200	-2.482410
-0.028498	-0.214740
0.028740	-0.967780
0.042620	-0.663650
-0.175086	2.059700
-0.174044	-2.163040
-0.126700	1.335400
-0.149388	0.261800
-0.155902	-0.599480
-0.193038	0.478900
-0.110434	1.726600
-0.136900	0.496000
-0.012298	-0.423270
0.027260	1.762000
-0.026774	0.842400
-0.083866	0.281100
-0.105554	0.894600
-0.004620	1.483200
0.062580	0.811100
-0.001634	-1.268870
-0.123240	2.032700
0.021420	-0.972960
-0.038884	1.183500
0.039320	-1.616430
0.057520	-0.623200
0.069320	0.314800
0.289580	-2.152800
0.204120	0.838200
0.246300	0.581500
0.237860	-1.707660
0.278360	1.285500
0.101520	0.480000
0.383840	-0.659230
0.369900	-2.159300
0.534080	0.302700
0.408420	-1.246390
0.352160	0.037600
0.481800	-0.172430
0.589540	-0.080800
0.459560	-1.475390
0.575080	0.568300
0.661500	-0.696540
0.688500	-1.127040
0.652680	0.031400
0.578140	0.275100
0.711120	0.578400
0.612120	0.969200
0.586820	1.564000
0.628720	1.145100
0.412620	-1.578200
0.493080	-0.396300
0.454520	-2.896810
0.463240	-0.502200
0.348940	0.300900
0.391200	-0.221350
0.379840	-0.190730
0.400760	-0.590790
0.312440	2.652200
0.274400	0.339800
0.268740	-0.304220
0.170360	0.191300
0.175560	-0.316900
0.223600	0.562800
0.161600	-0.638290
0.235160	-1.002430
0.087540	-1.394510
-0.038550	-1.268890
-0.151850	-0.652770
-0.213310	0.197200
-0.176696	-1.360650
-0.144618	-1.378060
-0.146122	0.131100
-0.050096	-1.034390
-0.038552	-0.644850
-0.022468	-0.382260
-0.077238	-0.752330
-0.151064	0.022600
-0.066432	-1.603700
-0.056228	1.279400
-0.049232	1.230300
-0.144186	-0.568320
0.022640	0.101100
-0.031684	0.369600
0.093240	-0.746090
-0.106750	-0.924740
-0.093628	-0.777320
0.044900	-1.390630
-0.027864	0.854400
-0.055512	0.414400
0.043620	0.739600
0.140120	0.121600
0.315780	-2.106040
0.225300	-0.879500
0.310880	-0.631670
0.404900	1.647800
0.274900	0.277200
0.521060	-0.634240
0.530840	-0.935780
0.360120	1.012700
0.394400	0.457100
0.583720	-1.062340
0.632200	-0.589150
0.672420	0.652800
0.629760	0.235600
0.689580	-0.508950
0.875060	0.906500
0.656360	0.971900
0.792620	0.550400
0.652040	1.407600
0.680560	-0.720300
0.513380	0.786600
0.432020	-1.247310
0.527100	-0.450940
0.508100	-0.084150
0.451500	-0.289770
0.466720	1.434000
0.432620	0.229400
0.406780	0.332900
0.458500	-0.517180
0.477680	-0.036890
0.352580	-0.111380
0.414140	-0.862710
0.351600	0.019700
0.219140	-0.847250
0.196120	-0.017850
0.211240	-1.099980
0.219100	2.689600
0.120660	0.780400
0.053860	0.113000
0.134980	-1.275690
-0.082166	-0.926960
-0.113406	0.711600
-0.031026	0.335500
-0.043690	0.197500
-0.137850	0.152200
-0.135578	-0.019040
-0.170216	0.508300
-0.091206	0.255600
-0.053576	1.020000
-0.115054	0.823800
-0.134404	-0.718180
-0.075764	-2.084940
-0.027790	-0.520390
0.010460	-2.334490
-0.081496	-1.780620
-0.090522	0.908900
-0.082068	1.092400
-0.087376	-1.375990
-0.110440	0.674000
-0.092742	0.087400
-0.024798	-0.515580
0.113960	0.336300
-0.009686	0.599000
0.125120	0.968300
0.145820	-0.956920
0.217980	0.052100
0.335440	1.219600
0.198260	1.265700
0.360840	1.636500
0.305320	-0.911720
0.498360	0.019500
0.501580	1.371800
0.476940	0.816300
0.348740	-0.485210
0.608840	-1.017020
0.585220	1.458500
0.518740	-0.117010
0.589660	0.130800
0.775860	1.863800
0.822060	-0.028390
0.569580	0.389900
0.766220	-0.670980
0.736620	0.169300
0.764120	0.168300
0.564520	1.165300
0.452640	0.815700
0.371900	1.479400
0.480520	-0.973790
0.470240	-0.903870
0.509660	1.005700
0.368700	-0.143400
0.517820	0.332100
0.470660	1.002900
0.418540	0.491500
0.409060	-2.185160
0.351040	-0.545000
0.258300	-1.293980
0.160860	-0.042930
0.275520	0.463700
0.179760	1.806000
0.308700	-0.872890
0.192480	1.424400
0.095940	-0.603420
0.074740	0.550300
-0.070370	-0.765690
-0.040786	0.166700
-0.081820	1.814100
-0.034848	0.355100
-0.082798	-0.687440
0.057040	-0.042710
-0.051594	0.041200
0.024060	1.666600
-0.147904	0.904500
-0.134924	-0.228810
-0.231672	1.043200
-0.106092	2.982900
-0.039106	1.768400
-0.064596	-0.023520
-0.202962	-0.070470
-0.151700	-0.464490
-0.089974	0.148100
-0.038062	-0.546170
-0.091984	-0.625450
-0.007050	1.052000
-0.057634	0.389600
0.098140	0.093800
0.122160	0.605700
0.154760	1.178300
0.317640	-0.250210
0.200860	-0.347820
0.353740	0.778800
0.218400	0.571700
0.163300	1.157700
0.348260	-0.709450
0.362260	-0.335630
0.500020	0.167400
0.499440	0.036900
0.590540	0.634100
0.545660	1.616200
0.564960	-0.159910
0.722300	1.138300
0.661780	-0.878900
0.779640	0.652000
0.721600	0.118500
0.586580	-2.263510
0.596940	-0.311410
0.760000	0.206400
0.781020	-0.159150
0.540780	0.238500
0.644620	2.048900
0.571700	0.995700
0.660680	-0.795790
0.452980	0.488300
0.439420	-1.595030
0.507940	0.582100
0.512680	-0.083640
0.488980	1.040400
0.444980	0.561000
0.318320	1.443800
0.266180	0.102500
0.223520	-1.302220
0.170640	-0.465290
0.198480	-0.294030
0.160140	-1.412230
0.141920	-0.671790
0.099660	-0.071680
0.103260	-0.263890
0.119420	1.782500
0.191420	-1.646940
-0.068184	0.488000
-0.042286	-0.320300
-0.035548	-0.008920
-0.019918	-0.367720
0.070420	-0.660910
-0.080976	-0.411160
-0.125800	-1.177380
-0.072722	-0.857910
-0.031236	-2.575960
-0.174802	0.345700
-0.194658	1.227600
-0.302798	0.252600
-0.066338	1.090700
-0.117362	0.923000
-0.117644	1.800600
-0.138672	-0.426510
-0.124904	-0.750070
0.033300	-0.471350
-0.056166	0.042300
-0.066814	0.770200
0.095900	-0.280550
0.080880	1.077600
0.043280	0.101400
0.162780	-0.270850
0.141580	1.137600
0.183820	0.723200
0.205020	-1.061400
0.361700	1.194500
0.382320	0.125100
0.492540	-1.749770
0.489180	-0.228190
0.398060	-0.517850
0.594020	0.067700
0.647460	1.838200
0.616680	-3.481510
0.676600	-1.145900
0.566560	1.048800
0.760800	0.801200
0.782440	-0.907300
0.752820	1.209600
0.697880	-0.827710
0.780320	1.498600
0.751980	-1.277320
0.493380	-0.157490
0.663620	-1.032700
0.768140	-0.479300
0.664580	0.765300
0.503020	0.340700
0.497000	-1.451440
0.427240	0.931000
0.316100	-1.026960
0.367140	0.474500
0.394020	-1.404520
0.312440	0.250000
0.193700	0.408800
0.226440	1.270400
0.320180	1.185200
0.191940	0.272600
0.278400	1.395300
0.178600	-0.520260
0.121280	-0.515720
0.022140	1.001400
0.003540	0.451100
0.047300	0.290900
-0.003472	0.047800
-0.016972	0.292300
-0.138220	-0.046510
-0.070110	0.525000
-0.122740	-1.004980
-0.167142	1.845500
-0.069934	-0.257030
-0.004374	-0.567100
-0.087244	-0.747570
-0.201112	1.050300
-0.180376	-0.531260
-0.094782	2.228600
-0.118196	1.251600
-0.167742	-0.078590
-0.114296	1.970500
-0.137878	0.391400
-0.088984	2.004600
-0.046954	1.530200
-0.118078	2.215200
-0.071232	2.147400
0.030800	1.288900
0.032820	0.907300
0.084480	-0.101840
0.150300	0.806000
0.040780	-1.596680
0.079520	-0.794520
0.268320	0.795000
0.403020	0.845200
0.522340	1.246800
0.497620	0.301400
0.577740	-0.601480
0.453540	0.047800
0.632180	0.124000
0.674560	1.404900
0.486100	0.533200
0.385780	1.676700
0.595460	-0.131060
0.728040	0.070800
0.683900	-0.331390
0.655100	0.206000
0.810480	1.588600
0.923680	0.298800
0.754340	-0.011240
0.804020	0.540700
0.793820	1.589100
0.738140	1.455700
0.585460	-0.042540
0.478780	0.154000
0.374660	-1.321200
0.442120	1.511100
0.411520	0.085500
0.348640	-1.118320
0.313300	-0.800330
0.347520	1.480900
0.258560	0.231400
0.339640	-0.350730
0.274100	1.627900
0.211200	-1.294570
0.249540	-0.803700
0.127060	2.268800
0.121780	-1.135020
0.057260	0.092500
0.045520	-1.020620
0.124580	-1.906860
0.182360	0.924000
-0.048948	-0.089340
-0.286198	-0.434530
-0.183984	0.044700
0.095300	-0.205210
-0.059730	-2.283110
-0.132330	-0.664940
-0.123218	-0.947640
-0.116674	0.309000
-0.061798	0.480000
-0.019346	0.526700
-0.046588	-0.459970
-0.101756	-0.011160
-0.139610	0.471200
-0.092742	0.169100
-0.128708	-0.782670
-0.108946	1.286100
0.015080	-0.617660
0.011060	1.422900
-0.041898	-1.022150
0.015860	-0.379330
-0.106920	-0.524160
0.143820	-0.786560
0.235060	0.974700
0.075540	-0.356850
0.020960	0.722000
0.209520	1.018800
0.306200	-2.237510
0.588640	0.927500
0.598280	1.359000
0.460620	2.390900
0.475720	-0.599030
0.539640	-2.429330
0.715900	0.758800
0.577360	-0.007210
0.505120	0.199100
0.658220	-0.245420
0.857480	1.610000
0.746520	-1.325250
0.874220	0.259000
0.827000	2.298500
0.744220	0.654100
0.774840	-0.967040
0.656640	-0.130870
0.867400	-1.133430
0.782020	-0.641660
0.690500	0.010300
0.710840	0.943300
0.531280	-0.329610
0.515840	-0.436760
0.390040	0.607600
0.456580	0.396600
0.382800	0.198200
0.330800	2.406900
0.246120	-0.832650
0.307340	-0.464560
0.349620	-0.600980
0.230360	0.833700
0.156020	1.894600
0.000560	-1.654160
0.104920	0.253600
0.155340	-0.032960
0.090360	0.379000
0.087220	2.198500
0.025040	-1.881310
-0.188008	0.817400
-0.264246	0.403300
-0.237216	0.765700
-0.096300	0.201000
-0.175724	-0.523850
-0.140554	2.626600
-0.139050	1.002900
-0.084100	0.809200
0.022760	-1.222520
-0.068242	-1.374250
0.012900	-0.769520
-0.059776	-0.785900
-0.165890	-0.082760
-0.097380	-0.851000
-0.153300	0.646900
-0.088638	-0.852100
-0.045902	1.869800
0.083100	-0.797960
-0.038870	-2.041520
0.038820	0.669600
0.207700	-0.513390
0.101800	-0.812850
0.199360	1.871900
0.130840	2.058100
0.153880	0.280200
0.277940	0.937600
0.519820	0.294200
0.517240	-0.430690
0.451840	0.395000
0.392980	-0.358170
0.533220	-1.138820
0.634200	0.105800
0.616840	-2.130660
0.537380	0.161100
0.761680	0.375800
0.865700	-1.523690
0.867240	0.401200
0.689280	1.114300
0.792020	0.581800
0.885860	-1.331410
0.685860	2.616000
0.712980	0.970100
0.707120	-0.739380
0.738660	1.960300
0.744920	0.266000
0.487340	0.825800
0.689960	-0.448960
0.539340	0.255500
0.427760	-1.182080
0.507820	-0.778150
0.559380	-0.446430
0.463800	-0.695360
0.528840	-0.312910
0.327320	2.386300
0.378840	1.958100
0.469480	1.103400
0.201680	-1.305400
0.282460	-0.634810
0.288880	2.042700
0.223800	-2.216410
0.087180	1.180800
0.086380	0.857900
0.059540	0.906800
-0.007100	-1.085000
-0.169034	0.789600
-0.145776	-2.706400
-0.288074	-0.025040
-0.099986	0.612600
-0.140088	-1.003060
-0.223846	0.206500
-0.106148	1.902700
-0.192242	0.153900
-0.037494	1.679500
-0.070036	0.066200
-0.179596	-1.755550
-0.142416	-0.474240
-0.116546	-1.925430
0.044640	0.534700
-0.112990	-0.825000
-0.109448	0.499700
-0.166480	-2.051760
0.044620	0.314600
0.019600	-0.533410
-0.008948	-0.609700
0.138080	-1.336290
0.160160	-3.209150
0.100540	-0.689900
0.181780	-0.109280
-0.026988	-0.477160
0.133520	1.346600
0.462760	-0.989690
0.341600	-0.252540
0.502180	-0.828830
0.558680	0.155800
0.516880	-1.064720
0.615980	-0.296060
0.464860	0.110800
0.587360	-2.180120
0.596940	-0.552980
0.686380	-1.142990
0.852140	-0.282140
0.745240	-0.588690
0.524980	0.889200
0.757740	1.041800
0.731040	0.797900
0.601440	0.401000
0.803860	0.247100
0.664500	-0.899920
0.622580	0.421200
0.479260	1.002300
0.580220	0.776300
0.748960	-0.923550
0.442720	0.032100
0.493400	0.586200
0.485240	1.030100
0.519840	-0.618510
0.500860	0.096100
0.469100	0.349400
0.383020	0.090300
0.310680	0.831000
0.184040	0.733300
0.331440	0.039400
0.246460	0.419900
0.249080	-0.913830
0.123700	1.036500
0.129420	0.493100
0.062880	0.460800
-0.040708	-0.364260
-0.150206	-1.829600
-0.186320	-0.260720
-0.210150	-0.627520
-0.189704	0.439500
-0.094164	1.293100
-0.106252	0.228000
-0.178766	0.705800
-0.111496	1.486200
-0.043330	-0.477550
-0.209702	0.051600
-0.183536	0.372400
-0.073246	-0.784940
-0.016834	0.056200
-0.043806	-0.148310
-0.096308	0.512500
-0.074152	1.467300
-0.138194	-0.845040
0.029460	-0.041750
-0.029940	1.199800
-0.051190	0.122100
-0.085584	0.297200
-0.041058	-0.606360
0.073180	-1.604990
0.057240	-0.669880
0.136420	0.361100
0.235160	0.415700
0.392920	1.999700
0.385280	-0.649790
0.488360	0.448900
0.584780	-1.615450
0.649160	-0.604170
0.556720	-0.363990
0.605480	-1.298550
0.729420	-0.902680
0.589700	0.021500
0.808760	0.062000
0.654560	0.404300
0.755940	-0.180140
0.728220	0.742200
0.726440	0.458200
0.673760	-0.782100
0.607500	1.225600
0.598120	-0.075930
0.572800	-2.028040
0.728460	-0.061840
0.540960	-1.543130
0.543340	-0.413540
0.582700	-0.239550
0.457900	-0.496290
0.330020	-0.854020
0.359580	1.110300
0.489220	-0.785850
0.453180	-0.912730
0.396160	-0.285790
0.185500	-0.392620
0.198980	0.229400
0.217480	-0.466690
0.129620	-0.328990
0.269760	1.631500
0.171580	1.145600
0.172140	0.045500
0.125220	-1.464630
0.185640	0.252400
0.019880	0.213100
-0.100804	-0.736430
-0.138478	-1.681420
-0.157990	-0.694570
-0.177272	-1.095370
-0.110654	-0.856250
-0.102170	-2.437920
-0.049290	-0.982270
-0.106956	1.572600
-0.131120	0.105700
-0.072240	0.748800
-0.087322	1.550800
-0.222330	-1.515450
-0.074068	-0.807550
-0.038034	-0.044010
-0.093256	-0.030380
-0.135748	0.539900
-0.119038	0.176300
-0.027058	0.193300
-0.035146	-1.316040
0.014000	0.306100
0.007320	1.145900
0.019700	0.272000
0.134400	1.943300
0.103040	-0.347380
0.057700	-0.254230
0.154360	-0.095910
0.131280	-1.494730
0.267520	0.709500
0.440480	1.656200
0.480340	-0.653370
0.608680	0.377600
0.394780	1.663900
0.548600	-1.156730
0.705340	-0.733090
0.730140	-0.306710
0.781920	0.031000
0.737500	-1.206860
0.720620	-1.618430
0.843580	1.007500
0.716660	-1.033970
0.623900	0.222300
0.502060	0.535600
0.477500	-1.291790
0.671380	0.233000
0.565280	0.152900
0.604520	-0.375220
0.423100	-0.599190
0.574680	-1.852470
0.602620	0.819200
0.417400	-0.556050
0.435580	-2.742530
0.477980	-1.172380
0.364400	-0.618050
0.327880	-1.126000
0.256320	-0.219980
0.235340	0.348200
0.196240	-1.325880
0.272120	-0.503480
0.267000	-0.625720
0.131780	-0.447140
0.157460	-0.272080
0.030860	-1.465290
0.001760	-1.074300
-0.045608	0.895800
-0.031872	1.549500
-0.237720	1.579500
-0.073660	-0.216840
-0.098162	2.391000
-0.061170	0.324700
-0.130832	-0.874720
-0.082762	0.578500
-0.061106	-0.906340
-0.127946	1.088100
-0.153436	-0.582800
-0.162318	1.015100
-0.259482	0.501900
-0.018890	-0.749880
-0.028094	-0.266750
-0.008636	-0.309040
0.052640	-0.456700
-0.045366	-0.509990
0.068240	-1.067180
0.149680	0.187900
0.240820	0.530800
0.070700	-0.736310
0.058120	-1.055610
0.111500	0.918700
0.075160	-1.034570
0.170780	0.333400
0.087960	0.625700
0.395020	-1.253220
0.308640	-1.094760
0.284000	1.131500
0.408420	-1.346710
0.351440	0.141400
0.522460	-0.708180
0.671080	-1.528890
0.620100	-0.260970
0.592080	0.134700
0.577460	0.765900
0.713340	-1.203230
0.629660	1.442300
0.775820	-0.252470
0.761440	-0.714090
0.754160	0.347800
0.491300	1.509000
0.493660	-2.308900
0.572720	0.693100
0.601600	1.401300
0.523120	-0.536320
0.530360	0.248100
0.377540	-0.273100
0.497980	1.005800
0.413660	-0.274930
0.527180	0.038300
0.387900	0.931700
0.358980	-0.942430
0.318040	-0.586920
0.113540	-1.160110
0.125720	1.285100
0.246380	0.070000
0.312340	1.075700
0.170480	-0.200770
0.104800	-0.411230
0.145400	-1.299240
0.102900	0.059100
-0.018452	0.051900
-0.183718	-0.470890
-0.115068	0.235400
-0.128996	-1.761760
-0.157480	-2.506680
-0.043562	0.289400
-0.050536	-0.832040
-0.108568	3.207900
-0.146188	0.143000
-0.158980	0.069200
-0.094342	-1.350490
-0.179438	0.113500
-0.191678	1.192300
-0.042054	-1.400650
-0.059972	-0.542580
-0.028750	-0.869770
-0.076578	-3.158880
-0.109608	-1.855510
-0.033880	0.079100
0.038460	0.481200
0.094800	0.824000
0.084980	0.467900
0.019460	2.087100
-0.006762	1.483300
0.082800	0.242300
-0.018330	0.337500
0.086780	-0.888080
0.121160	0.933600
0.421700	0.729400
0.380040	-0.870610
0.432740	0.270700
0.527160	0.014600
0.478560	0.204600
0.502360	-0.126480
0.618520	1.250900
0.537960	2.376100
0.592760	0.298500
0.599420	0.387600
0.743660	0.539000
0.641480	-0.806250
0.571060	0.244900
0.490320	0.263300
0.643480	-1.166330
0.457820	0.832300
0.522340	-1.526550
0.573100	-0.259710
0.553640	-0.354580
0.647820	1.205400
0.530820	0.861400
0.307120	0.488500
0.394480	0.531100
0.292200	-1.262520
0.413100	-0.456300
0.407280	0.986800
0.313900	0.546300
0.326980	1.406200
0.125500	-0.125900
0.182260	-0.601180
0.148140	-1.816180
0.198620	0.895000
0.160020	-0.112730
0.017560	0.651100
0.128040	0.976900
0.051080	0.936700
0.023480	1.136200
-0.087456	0.767400
-0.093628	-1.901560
-0.124380	1.034400
-0.168400	-1.092970
-0.103664	-1.435570
-0.052778	-0.216810
-0.225410	0.335100
-0.101888	0.139400
0.088880	1.668000
-0.135922	-0.252460
-0.092476	-0.866820
-0.139062	1.790000
-0.158748	-0.889250
-0.158110	-0.523010
-0.018606	0.798600
-0.146544	-1.983530
-0.094032	1.294000
-0.087954	1.075200
-0.034790	-1.096260
0.084580	0.630600
0.025180	-0.377830
-0.084770	-1.188110
0.040520	0.617700
0.081160	-0.427450
0.007900	-1.181320
0.054060	0.646300
0.098940	-1.038400
0.180160	-0.006930
0.187060	0.070700
0.444260	-0.397030
0.397300	-0.400240
0.471380	0.859900
